,Score,Seq. ID,Description,Organism Source,Tax. distance,Rxn. ID,Rxn. ID - additional,EC Number,Uniprot protein evidence,Consv. Score,Rxn Sim.,Rxn Sim RF.,Direction Used,Combined score,% helices,% sheets,% turns,% coils,Mol. Weight,Isoelec. Point,Polar %,Query,Hit
1,58.692064,Q53U11,UDP-GlcNAc:ribostamycin N-acetylglucosaminyltransferase,Streptomyces fradiae OX=1906,15,MNXR112391,-,2.4.1.-;2.4.1.285,1.0,0.0,0.66129,0.814551,1,0.737923,31.7,25.7,19.1,28.0,39257.30,6.1937,36.339,*O[C@@H]1O[C@H](CO)[C@@H](O[C@@H]2O[C@H](CO)[C@H](O)[C@H](O[C@@H]3O[C@H](CO)[C@@H](O)[C@H](O)[C@H]3NC(C)=O)[C@H]2O)[C@H](O)[C@H]1NC(C)=O.O=c1ccn([C@@H]2O[C@H](COP(=O)([O-])OP(=O)([O-])[O-])[C@@H](O)[C@H]2O)c(=O)[nH]1>>*O[C@@H]1O[C@H](CO)[C@@H](O[C@@H]2O[C@H](CO)[C@H](O)[C@H](O)[C@H]2O)[C@H](O)[C@H]1NC(C)=O.CC(=O)N[C@H]1[C@@H](OP(=O)([O-])OP(=O)([O-])OC[C@H]2O[C@@H](n3ccc(=O)[nH]c3=O)[C@H](O)[C@@H]2O)O[C@H](CO)[C@@H](O)[C@@H]1O,CC(=O)N[C@H]1[C@@H](OP(=O)([O-])OP(=O)([O-])OC[C@H]2O[C@@H](n3ccc(=O)[nH]c3=O)[C@H](O)[C@@H]2O)O[C@H](CO)[C@@H](O)[C@@H]1O.[NH3+]C[C@H]1O[C@H](O[C@@H]2[C@@H]([NH3+])C[C@@H]([NH3+])[C@H](O)[C@H]2O[C@@H]2O[C@H](CO)[C@@H](O)[C@H]2O)[C@H]([NH3+])[C@@H](O)[C@@H]1O>>CC(=O)N[C@H]1[C@@H](O[C@@H]2[C@@H](CO)O[C@@H](O[C@@H]3[C@@H](O)[C@H]([NH3+])C[C@H]([NH3+])[C@H]3O[C@H]3O[C@H](C[NH3+])[C@@H](O)[C@H](O)[C@H]3[NH3+])[C@@H]2O)O[C@H](CO)[C@@H](O)[C@@H]1O.[H+].O=c1ccn([C@@H]2O[C@H](COP(=O)([O-])OP(=O)([O-])[O-])[C@@H](O)[C@H]2O)c(=O)[nH]1
2,58.375340,Q2JFV0,D-inositol 3-phosphate glycosyltransferase,Frankia casuarinae (strain DSM 45818 / CECT 9043 / CcI3) OX=106370,15,MNXR113049,-,2.4.1.250,3.0,0.0,0.63531,0.838197,1,0.736754,31.3,32.9,11.0,28.6,46274.91,8.2809,37.241,*O[C@@H]1O[C@H](CO)[C@@H](O[C@@H]2O[C@H](CO)[C@H](O)[C@H](O[C@@H]3O[C@H](CO)[C@@H](O)[C@H](O)[C@H]3NC(C)=O)[C@H]2O)[C@H](O)[C@H]1NC(C)=O.O=c1ccn([C@@H]2O[C@H](COP(=O)([O-])OP(=O)([O-])[O-])[C@@H](O)[C@H]2O)c(=O)[nH]1>>*O[C@@H]1O[C@H](CO)[C@@H](O[C@@H]2O[C@H](CO)[C@H](O)[C@H](O)[C@H]2O)[C@H](O)[C@H]1NC(C)=O.CC(=O)N[C@H]1[C@@H](OP(=O)([O-])OP(=O)([O-])OC[C@H]2O[C@@H](n3ccc(=O)[nH]c3=O)[C@H](O)[C@@H]2O)O[C@H](CO)[C@@H](O)[C@@H]1O,CC(=O)N[C@H]1[C@@H](OP(=O)([O-])OP(=O)([O-])OC[C@H]2O[C@@H](n3ccc(=O)[nH]c3=O)[C@H](O)[C@@H]2O)O[C@H](CO)[C@@H](O)[C@@H]1O.O=P([O-])([O-])O[C@H]1[C@@H](O)[C@@H](O)[C@H](O)[C@@H](O)[C@@H]1O>>CC(=O)N[C@H]1[C@@H](O[C@@H]2[C@H](O)[C@H](OP(=O)([O-])[O-])[C@@H](O)[C@H](O)[C@H]2O)O[C@H](CO)[C@@H](O)[C@@H]1O.[H+].O=c1ccn([C@@H]2O[C@H](COP(=O)([O-])OP(=O)([O-])[O-])[C@@H](O)[C@H]2O)c(=O)[nH]1
3,58.276692,Q80RC7,Beta-1;3-galactosyl-O-glycosyl-glycoprotein beta-1;6-N-acetylglucosaminyltransferase,Bovine herpesvirus 4 OX=10385,21,MNXR147825,MNXR147826_0.8870528923697143_0.7004838444515933|MNXR165876_0.8870528923697143_0.7004838444515933|MNXR148807_0.7552431733624011_0.7004838444515933|MNXR148808_0.7552431733624011_0.7004838444515933|MNXR174058_0.7552431733624011_0.7004838444515933|MNXR153246_0.7296983980640462_0.7004838444515933|MNXR174085_0.7213110869998675_0.7004838444515933|MNXR151423_0.716094973813547_0.7004838444515933|MNXR153247_0.7030371293838377_0.7004838444515933|MNXR183675_0.7030371293838377_0.7004838444515933|MNXR151422_0.6943838930206868_0.7004838444515933,2.4.1.150,1.0,0.0,0.88705,0.700484,1,0.793768,39.5,21.3,26.7,16.3,50740.69,8.5520,45.786,*O[C@@H]1O[C@H](CO)[C@@H](O[C@@H]2O[C@H](CO)[C@H](O)[C@H](O[C@@H]3O[C@H](CO)[C@@H](O)[C@H](O)[C@H]3NC(C)=O)[C@H]2O)[C@H](O)[C@H]1NC(C)=O.O=c1ccn([C@@H]2O[C@H](COP(=O)([O-])OP(=O)([O-])[O-])[C@@H](O)[C@H]2O)c(=O)[nH]1>>*O[C@@H]1O[C@H](CO)[C@@H](O[C@@H]2O[C@H](CO)[C@H](O)[C@H](O)[C@H]2O)[C@H](O)[C@H]1NC(C)=O.CC(=O)N[C@H]1[C@@H](OP(=O)([O-])OP(=O)([O-])OC[C@H]2O[C@@H](n3ccc(=O)[nH]c3=O)[C@H](O)[C@@H]2O)O[C@H](CO)[C@@H](O)[C@@H]1O,CC(=O)N[C@H]1[C@@H](OP(=O)([O-])OP(=O)([O-])OC[C@H]2O[C@@H](n3ccc(=O)[nH]c3=O)[C@H](O)[C@@H]2O)O[C@H](CO)[C@@H](O)[C@@H]1O.CC(=O)N[C@H]1[C@H](O[*])O[C@H](CO)[C@@H](O[C@@H]2O[C@H](CO)[C@H](O)[C@H](O)[C@H]2O)[C@@H]1O>>CC(=O)N[C@H]1[C@H](O[*])O[C@H](CO)[C@@H](O[C@@H]2O[C@H](CO[C@@H]3O[C@H](CO)[C@@H](O)[C@H](O)[C@H]3NC(C)=O)[C@H](O)[C@H](O)[C@H]2O)[C@@H]1O.O=c1ccn([C@@H]2O[C@H](COP(=O)([O-])OP(=O)([O-])[O-])[C@@H](O)[C@H]2O)c(=O)[nH]1
4,57.575340,A0QQZ8,D-inositol 3-phosphate glycosyltransferase,Mycolicibacterium smegmatis (strain ATCC 700084 / mc(2)155) OX=246196,16,MNXR113049,-,2.4.1.250,1.0,0.0,0.63531,0.838197,1,0.736754,32.1,31.8,15.3,24.6,45935.10,6.5157,39.171,*O[C@@H]1O[C@H](CO)[C@@H](O[C@@H]2O[C@H](CO)[C@H](O)[C@H](O[C@@H]3O[C@H](CO)[C@@H](O)[C@H](O)[C@H]3NC(C)=O)[C@H]2O)[C@H](O)[C@H]1NC(C)=O.O=c1ccn([C@@H]2O[C@H](COP(=O)([O-])OP(=O)([O-])[O-])[C@@H](O)[C@H]2O)c(=O)[nH]1>>*O[C@@H]1O[C@H](CO)[C@@H](O[C@@H]2O[C@H](CO)[C@H](O)[C@H](O)[C@H]2O)[C@H](O)[C@H]1NC(C)=O.CC(=O)N[C@H]1[C@@H](OP(=O)([O-])OP(=O)([O-])OC[C@H]2O[C@@H](n3ccc(=O)[nH]c3=O)[C@H](O)[C@@H]2O)O[C@H](CO)[C@@H](O)[C@@H]1O,CC(=O)N[C@H]1[C@@H](OP(=O)([O-])OP(=O)([O-])OC[C@H]2O[C@@H](n3ccc(=O)[nH]c3=O)[C@H](O)[C@@H]2O)O[C@H](CO)[C@@H](O)[C@@H]1O.O=P([O-])([O-])O[C@H]1[C@@H](O)[C@@H](O)[C@H](O)[C@@H](O)[C@@H]1O>>CC(=O)N[C@H]1[C@@H](O[C@@H]2[C@H](O)[C@H](OP(=O)([O-])[O-])[C@@H](O)[C@H](O)[C@H]2O)O[C@H](CO)[C@@H](O)[C@@H]1O.[H+].O=c1ccn([C@@H]2O[C@H](COP(=O)([O-])OP(=O)([O-])[O-])[C@@H](O)[C@H]2O)c(=O)[nH]1
5,57.575340,Q8NTA6,D-inositol 3-phosphate glycosyltransferase,Corynebacterium glutamicum (strain ATCC 13032 / DSM 20300 / BCRC 11384 / JCM 1318 / LMG 3730 / NCIMB 10025) OX=196627,16,MNXR113049,-,2.4.1.250,1.0,0.0,0.63531,0.838197,1,0.736754,42.3,21.9,13.7,26.1,45669.38,4.9219,44.737,*O[C@@H]1O[C@H](CO)[C@@H](O[C@@H]2O[C@H](CO)[C@H](O)[C@H](O[C@@H]3O[C@H](CO)[C@@H](O)[C@H](O)[C@H]3NC(C)=O)[C@H]2O)[C@H](O)[C@H]1NC(C)=O.O=c1ccn([C@@H]2O[C@H](COP(=O)([O-])OP(=O)([O-])[O-])[C@@H](O)[C@H]2O)c(=O)[nH]1>>*O[C@@H]1O[C@H](CO)[C@@H](O[C@@H]2O[C@H](CO)[C@H](O)[C@H](O)[C@H]2O)[C@H](O)[C@H]1NC(C)=O.CC(=O)N[C@H]1[C@@H](OP(=O)([O-])OP(=O)([O-])OC[C@H]2O[C@@H](n3ccc(=O)[nH]c3=O)[C@H](O)[C@@H]2O)O[C@H](CO)[C@@H](O)[C@@H]1O,CC(=O)N[C@H]1[C@@H](OP(=O)([O-])OP(=O)([O-])OC[C@H]2O[C@@H](n3ccc(=O)[nH]c3=O)[C@H](O)[C@@H]2O)O[C@H](CO)[C@@H](O)[C@@H]1O.O=P([O-])([O-])O[C@H]1[C@@H](O)[C@@H](O)[C@H](O)[C@@H](O)[C@@H]1O>>CC(=O)N[C@H]1[C@@H](O[C@@H]2[C@H](O)[C@H](OP(=O)([O-])[O-])[C@@H](O)[C@H](O)[C@H]2O)O[C@H](CO)[C@@H](O)[C@@H]1O.[H+].O=c1ccn([C@@H]2O[C@H](COP(=O)([O-])OP(=O)([O-])[O-])[C@@H](O)[C@H]2O)c(=O)[nH]1
6,57.375340,A1T3B5,D-inositol 3-phosphate glycosyltransferase,Mycolicibacterium vanbaalenii (strain DSM 7251 / JCM 13017 / BCRC 16820 / KCTC 9966 / NRRL B-24157 / PYR-1) OX=350058,16,MNXR113049,-,2.4.1.250,3.0,0.0,0.63531,0.838197,1,0.736754,33.9,31.3,15.9,22.6,46802.04,6.2721,37.111,*O[C@@H]1O[C@H](CO)[C@@H](O[C@@H]2O[C@H](CO)[C@H](O)[C@H](O[C@@H]3O[C@H](CO)[C@@H](O)[C@H](O)[C@H]3NC(C)=O)[C@H]2O)[C@H](O)[C@H]1NC(C)=O.O=c1ccn([C@@H]2O[C@H](COP(=O)([O-])OP(=O)([O-])[O-])[C@@H](O)[C@H]2O)c(=O)[nH]1>>*O[C@@H]1O[C@H](CO)[C@@H](O[C@@H]2O[C@H](CO)[C@H](O)[C@H](O)[C@H]2O)[C@H](O)[C@H]1NC(C)=O.CC(=O)N[C@H]1[C@@H](OP(=O)([O-])OP(=O)([O-])OC[C@H]2O[C@@H](n3ccc(=O)[nH]c3=O)[C@H](O)[C@@H]2O)O[C@H](CO)[C@@H](O)[C@@H]1O,CC(=O)N[C@H]1[C@@H](OP(=O)([O-])OP(=O)([O-])OC[C@H]2O[C@@H](n3ccc(=O)[nH]c3=O)[C@H](O)[C@@H]2O)O[C@H](CO)[C@@H](O)[C@@H]1O.O=P([O-])([O-])O[C@H]1[C@@H](O)[C@@H](O)[C@H](O)[C@@H](O)[C@@H]1O>>CC(=O)N[C@H]1[C@@H](O[C@@H]2[C@H](O)[C@H](OP(=O)([O-])[O-])[C@@H](O)[C@H](O)[C@H]2O)O[C@H](CO)[C@@H](O)[C@@H]1O.[H+].O=c1ccn([C@@H]2O[C@H](COP(=O)([O-])OP(=O)([O-])[O-])[C@@H](O)[C@H]2O)c(=O)[nH]1
7,57.375340,C8XA09,D-inositol 3-phosphate glycosyltransferase,Nakamurella multipartita (strain ATCC 700099 / DSM 44233 / CIP 104796 / JCM 9543 / NBRC 105858 / Y-104) OX=479431,16,MNXR113049,-,2.4.1.250,3.0,0.0,0.63531,0.838197,1,0.736754,32.4,28.4,15.8,26.9,48956.27,5.9483,37.768,*O[C@@H]1O[C@H](CO)[C@@H](O[C@@H]2O[C@H](CO)[C@H](O)[C@H](O[C@@H]3O[C@H](CO)[C@@H](O)[C@H](O)[C@H]3NC(C)=O)[C@H]2O)[C@H](O)[C@H]1NC(C)=O.O=c1ccn([C@@H]2O[C@H](COP(=O)([O-])OP(=O)([O-])[O-])[C@@H](O)[C@H]2O)c(=O)[nH]1>>*O[C@@H]1O[C@H](CO)[C@@H](O[C@@H]2O[C@H](CO)[C@H](O)[C@H](O)[C@H]2O)[C@H](O)[C@H]1NC(C)=O.CC(=O)N[C@H]1[C@@H](OP(=O)([O-])OP(=O)([O-])OC[C@H]2O[C@@H](n3ccc(=O)[nH]c3=O)[C@H](O)[C@@H]2O)O[C@H](CO)[C@@H](O)[C@@H]1O,CC(=O)N[C@H]1[C@@H](OP(=O)([O-])OP(=O)([O-])OC[C@H]2O[C@@H](n3ccc(=O)[nH]c3=O)[C@H](O)[C@@H]2O)O[C@H](CO)[C@@H](O)[C@@H]1O.O=P([O-])([O-])O[C@H]1[C@@H](O)[C@@H](O)[C@H](O)[C@@H](O)[C@@H]1O>>CC(=O)N[C@H]1[C@@H](O[C@@H]2[C@H](O)[C@H](OP(=O)([O-])[O-])[C@@H](O)[C@H](O)[C@H]2O)O[C@H](CO)[C@@H](O)[C@@H]1O.[H+].O=c1ccn([C@@H]2O[C@H](COP(=O)([O-])OP(=O)([O-])[O-])[C@@H](O)[C@H]2O)c(=O)[nH]1
8,57.375340,C3PK12,D-inositol 3-phosphate glycosyltransferase,Corynebacterium aurimucosum (strain ATCC 700975 / DSM 44827 / CIP 107346 / CN-1) OX=548476,16,MNXR113049,-,2.4.1.250,3.0,0.0,0.63531,0.838197,1,0.736754,41.5,26.4,14.3,21.7,46043.97,4.7251,42.993,*O[C@@H]1O[C@H](CO)[C@@H](O[C@@H]2O[C@H](CO)[C@H](O)[C@H](O[C@@H]3O[C@H](CO)[C@@H](O)[C@H](O)[C@H]3NC(C)=O)[C@H]2O)[C@H](O)[C@H]1NC(C)=O.O=c1ccn([C@@H]2O[C@H](COP(=O)([O-])OP(=O)([O-])[O-])[C@@H](O)[C@H]2O)c(=O)[nH]1>>*O[C@@H]1O[C@H](CO)[C@@H](O[C@@H]2O[C@H](CO)[C@H](O)[C@H](O)[C@H]2O)[C@H](O)[C@H]1NC(C)=O.CC(=O)N[C@H]1[C@@H](OP(=O)([O-])OP(=O)([O-])OC[C@H]2O[C@@H](n3ccc(=O)[nH]c3=O)[C@H](O)[C@@H]2O)O[C@H](CO)[C@@H](O)[C@@H]1O,CC(=O)N[C@H]1[C@@H](OP(=O)([O-])OP(=O)([O-])OC[C@H]2O[C@@H](n3ccc(=O)[nH]c3=O)[C@H](O)[C@@H]2O)O[C@H](CO)[C@@H](O)[C@@H]1O.O=P([O-])([O-])O[C@H]1[C@@H](O)[C@@H](O)[C@H](O)[C@@H](O)[C@@H]1O>>CC(=O)N[C@H]1[C@@H](O[C@@H]2[C@H](O)[C@H](OP(=O)([O-])[O-])[C@@H](O)[C@H](O)[C@H]2O)O[C@H](CO)[C@@H](O)[C@@H]1O.[H+].O=c1ccn([C@@H]2O[C@H](COP(=O)([O-])OP(=O)([O-])[O-])[C@@H](O)[C@H]2O)c(=O)[nH]1
9,57.375340,C6WPK3,D-inositol 3-phosphate glycosyltransferase,Actinosynnema mirum (strain ATCC 29888 / DSM 43827 / JCM 3225 / NBRC 14064 / NCIMB 13271 / NRRL B-12336 / IMRU 3971 / 101) OX=446462,16,MNXR113049,-,2.4.1.250,3.0,0.0,0.63531,0.838197,1,0.736754,42.4,25.7,9.2,26.7,43717.90,6.4442,36.451,*O[C@@H]1O[C@H](CO)[C@@H](O[C@@H]2O[C@H](CO)[C@H](O)[C@H](O[C@@H]3O[C@H](CO)[C@@H](O)[C@H](O)[C@H]3NC(C)=O)[C@H]2O)[C@H](O)[C@H]1NC(C)=O.O=c1ccn([C@@H]2O[C@H](COP(=O)([O-])OP(=O)([O-])[O-])[C@@H](O)[C@H]2O)c(=O)[nH]1>>*O[C@@H]1O[C@H](CO)[C@@H](O[C@@H]2O[C@H](CO)[C@H](O)[C@H](O)[C@H]2O)[C@H](O)[C@H]1NC(C)=O.CC(=O)N[C@H]1[C@@H](OP(=O)([O-])OP(=O)([O-])OC[C@H]2O[C@@H](n3ccc(=O)[nH]c3=O)[C@H](O)[C@@H]2O)O[C@H](CO)[C@@H](O)[C@@H]1O,CC(=O)N[C@H]1[C@@H](OP(=O)([O-])OP(=O)([O-])OC[C@H]2O[C@@H](n3ccc(=O)[nH]c3=O)[C@H](O)[C@@H]2O)O[C@H](CO)[C@@H](O)[C@@H]1O.O=P([O-])([O-])O[C@H]1[C@@H](O)[C@@H](O)[C@H](O)[C@@H](O)[C@@H]1O>>CC(=O)N[C@H]1[C@@H](O[C@@H]2[C@H](O)[C@H](OP(=O)([O-])[O-])[C@@H](O)[C@H](O)[C@H]2O)O[C@H](CO)[C@@H](O)[C@@H]1O.[H+].O=c1ccn([C@@H]2O[C@H](COP(=O)([O-])OP(=O)([O-])[O-])[C@@H](O)[C@H]2O)c(=O)[nH]1
10,57.375340,D6Y4U7,D-inositol 3-phosphate glycosyltransferase,Thermobispora bispora (strain ATCC 19993 / DSM 43833 / CBS 139.67 / JCM 10125 / KCTC 9307 / NBRC 14880 / R51) OX=469371,16,MNXR113049,-,2.4.1.250,3.0,0.0,0.63531,0.838197,1,0.736754,45.4,21.8,12.1,24.5,46138.98,7.4492,38.318,*O[C@@H]1O[C@H](CO)[C@@H](O[C@@H]2O[C@H](CO)[C@H](O)[C@H](O[C@@H]3O[C@H](CO)[C@@H](O)[C@H](O)[C@H]3NC(C)=O)[C@H]2O)[C@H](O)[C@H]1NC(C)=O.O=c1ccn([C@@H]2O[C@H](COP(=O)([O-])OP(=O)([O-])[O-])[C@@H](O)[C@H]2O)c(=O)[nH]1>>*O[C@@H]1O[C@H](CO)[C@@H](O[C@@H]2O[C@H](CO)[C@H](O)[C@H](O)[C@H]2O)[C@H](O)[C@H]1NC(C)=O.CC(=O)N[C@H]1[C@@H](OP(=O)([O-])OP(=O)([O-])OC[C@H]2O[C@@H](n3ccc(=O)[nH]c3=O)[C@H](O)[C@@H]2O)O[C@H](CO)[C@@H](O)[C@@H]1O,CC(=O)N[C@H]1[C@@H](OP(=O)([O-])OP(=O)([O-])OC[C@H]2O[C@@H](n3ccc(=O)[nH]c3=O)[C@H](O)[C@@H]2O)O[C@H](CO)[C@@H](O)[C@@H]1O.O=P([O-])([O-])O[C@H]1[C@@H](O)[C@@H](O)[C@H](O)[C@@H](O)[C@@H]1O>>CC(=O)N[C@H]1[C@@H](O[C@@H]2[C@H](O)[C@H](OP(=O)([O-])[O-])[C@@H](O)[C@H](O)[C@H]2O)O[C@H](CO)[C@@H](O)[C@@H]1O.[H+].O=c1ccn([C@@H]2O[C@H](COP(=O)([O-])OP(=O)([O-])[O-])[C@@H](O)[C@H]2O)c(=O)[nH]1
11,57.375340,Q6NJL3,D-inositol 3-phosphate glycosyltransferase,Corynebacterium diphtheriae (strain ATCC 700971 / NCTC 13129 / Biotype gravis) OX=257309,16,MNXR113049,-,2.4.1.250,3.0,0.0,0.63531,0.838197,1,0.736754,44.3,22.4,13.9,23.4,46351.51,4.9039,41.452,*O[C@@H]1O[C@H](CO)[C@@H](O[C@@H]2O[C@H](CO)[C@H](O)[C@H](O[C@@H]3O[C@H](CO)[C@@H](O)[C@H](O)[C@H]3NC(C)=O)[C@H]2O)[C@H](O)[C@H]1NC(C)=O.O=c1ccn([C@@H]2O[C@H](COP(=O)([O-])OP(=O)([O-])[O-])[C@@H](O)[C@H]2O)c(=O)[nH]1>>*O[C@@H]1O[C@H](CO)[C@@H](O[C@@H]2O[C@H](CO)[C@H](O)[C@H](O)[C@H]2O)[C@H](O)[C@H]1NC(C)=O.CC(=O)N[C@H]1[C@@H](OP(=O)([O-])OP(=O)([O-])OC[C@H]2O[C@@H](n3ccc(=O)[nH]c3=O)[C@H](O)[C@@H]2O)O[C@H](CO)[C@@H](O)[C@@H]1O,CC(=O)N[C@H]1[C@@H](OP(=O)([O-])OP(=O)([O-])OC[C@H]2O[C@@H](n3ccc(=O)[nH]c3=O)[C@H](O)[C@@H]2O)O[C@H](CO)[C@@H](O)[C@@H]1O.O=P([O-])([O-])O[C@H]1[C@@H](O)[C@@H](O)[C@H](O)[C@@H](O)[C@@H]1O>>CC(=O)N[C@H]1[C@@H](O[C@@H]2[C@H](O)[C@H](OP(=O)([O-])[O-])[C@@H](O)[C@H](O)[C@H]2O)O[C@H](CO)[C@@H](O)[C@@H]1O.[H+].O=c1ccn([C@@H]2O[C@H](COP(=O)([O-])OP(=O)([O-])[O-])[C@@H](O)[C@H]2O)c(=O)[nH]1
12,57.375340,D2Q1C4,D-inositol 3-phosphate glycosyltransferase,Kribbella flavida (strain DSM 17836 / JCM 10339 / NBRC 14399) OX=479435,16,MNXR113049,-,2.4.1.250,3.0,0.0,0.63531,0.838197,1,0.736754,47.5,23.3,11.0,22.1,44937.25,4.9031,37.736,*O[C@@H]1O[C@H](CO)[C@@H](O[C@@H]2O[C@H](CO)[C@H](O)[C@H](O[C@@H]3O[C@H](CO)[C@@H](O)[C@H](O)[C@H]3NC(C)=O)[C@H]2O)[C@H](O)[C@H]1NC(C)=O.O=c1ccn([C@@H]2O[C@H](COP(=O)([O-])OP(=O)([O-])[O-])[C@@H](O)[C@H]2O)c(=O)[nH]1>>*O[C@@H]1O[C@H](CO)[C@@H](O[C@@H]2O[C@H](CO)[C@H](O)[C@H](O)[C@H]2O)[C@H](O)[C@H]1NC(C)=O.CC(=O)N[C@H]1[C@@H](OP(=O)([O-])OP(=O)([O-])OC[C@H]2O[C@@H](n3ccc(=O)[nH]c3=O)[C@H](O)[C@@H]2O)O[C@H](CO)[C@@H](O)[C@@H]1O,CC(=O)N[C@H]1[C@@H](OP(=O)([O-])OP(=O)([O-])OC[C@H]2O[C@@H](n3ccc(=O)[nH]c3=O)[C@H](O)[C@@H]2O)O[C@H](CO)[C@@H](O)[C@@H]1O.O=P([O-])([O-])O[C@H]1[C@@H](O)[C@@H](O)[C@H](O)[C@@H](O)[C@@H]1O>>CC(=O)N[C@H]1[C@@H](O[C@@H]2[C@H](O)[C@H](OP(=O)([O-])[O-])[C@@H](O)[C@H](O)[C@H]2O)O[C@H](CO)[C@@H](O)[C@@H]1O.[H+].O=c1ccn([C@@H]2O[C@H](COP(=O)([O-])OP(=O)([O-])[O-])[C@@H](O)[C@H]2O)c(=O)[nH]1
13,57.375340,C7R101,D-inositol 3-phosphate glycosyltransferase,Jonesia denitrificans (strain ATCC 14870 / DSM 20603 / BCRC 15368 / CIP 55.134 / JCM 11481 / NBRC 15587 / NCTC 10816 / Prevot 55134) OX=471856,16,MNXR113049,-,2.4.1.250,3.0,0.0,0.63531,0.838197,1,0.736754,36.0,26.0,15.2,26.7,45743.01,6.6592,40.330,*O[C@@H]1O[C@H](CO)[C@@H](O[C@@H]2O[C@H](CO)[C@H](O)[C@H](O[C@@H]3O[C@H](CO)[C@@H](O)[C@H](O)[C@H]3NC(C)=O)[C@H]2O)[C@H](O)[C@H]1NC(C)=O.O=c1ccn([C@@H]2O[C@H](COP(=O)([O-])OP(=O)([O-])[O-])[C@@H](O)[C@H]2O)c(=O)[nH]1>>*O[C@@H]1O[C@H](CO)[C@@H](O[C@@H]2O[C@H](CO)[C@H](O)[C@H](O)[C@H]2O)[C@H](O)[C@H]1NC(C)=O.CC(=O)N[C@H]1[C@@H](OP(=O)([O-])OP(=O)([O-])OC[C@H]2O[C@@H](n3ccc(=O)[nH]c3=O)[C@H](O)[C@@H]2O)O[C@H](CO)[C@@H](O)[C@@H]1O,CC(=O)N[C@H]1[C@@H](OP(=O)([O-])OP(=O)([O-])OC[C@H]2O[C@@H](n3ccc(=O)[nH]c3=O)[C@H](O)[C@@H]2O)O[C@H](CO)[C@@H](O)[C@@H]1O.O=P([O-])([O-])O[C@H]1[C@@H](O)[C@@H](O)[C@H](O)[C@@H](O)[C@@H]1O>>CC(=O)N[C@H]1[C@@H](O[C@@H]2[C@H](O)[C@H](OP(=O)([O-])[O-])[C@@H](O)[C@H](O)[C@H]2O)O[C@H](CO)[C@@H](O)[C@@H]1O.[H+].O=c1ccn([C@@H]2O[C@H](COP(=O)([O-])OP(=O)([O-])[O-])[C@@H](O)[C@H]2O)c(=O)[nH]1
14,57.375340,A1UAM8,D-inositol 3-phosphate glycosyltransferase,Mycobacterium sp. (strain KMS) OX=189918,16,MNXR113049,-,2.4.1.250,3.0,0.0,0.63531,0.838197,1,0.736754,36.9,27.7,16.8,22.5,46761.92,6.3486,39.863,*O[C@@H]1O[C@H](CO)[C@@H](O[C@@H]2O[C@H](CO)[C@H](O)[C@H](O[C@@H]3O[C@H](CO)[C@@H](O)[C@H](O)[C@H]3NC(C)=O)[C@H]2O)[C@H](O)[C@H]1NC(C)=O.O=c1ccn([C@@H]2O[C@H](COP(=O)([O-])OP(=O)([O-])[O-])[C@@H](O)[C@H]2O)c(=O)[nH]1>>*O[C@@H]1O[C@H](CO)[C@@H](O[C@@H]2O[C@H](CO)[C@H](O)[C@H](O)[C@H]2O)[C@H](O)[C@H]1NC(C)=O.CC(=O)N[C@H]1[C@@H](OP(=O)([O-])OP(=O)([O-])OC[C@H]2O[C@@H](n3ccc(=O)[nH]c3=O)[C@H](O)[C@@H]2O)O[C@H](CO)[C@@H](O)[C@@H]1O,CC(=O)N[C@H]1[C@@H](OP(=O)([O-])OP(=O)([O-])OC[C@H]2O[C@@H](n3ccc(=O)[nH]c3=O)[C@H](O)[C@@H]2O)O[C@H](CO)[C@@H](O)[C@@H]1O.O=P([O-])([O-])O[C@H]1[C@@H](O)[C@@H](O)[C@H](O)[C@@H](O)[C@@H]1O>>CC(=O)N[C@H]1[C@@H](O[C@@H]2[C@H](O)[C@H](OP(=O)([O-])[O-])[C@@H](O)[C@H](O)[C@H]2O)O[C@H](CO)[C@@H](O)[C@@H]1O.[H+].O=c1ccn([C@@H]2O[C@H](COP(=O)([O-])OP(=O)([O-])[O-])[C@@H](O)[C@H]2O)c(=O)[nH]1
15,57.375340,C9ZH13,D-inositol 3-phosphate glycosyltransferase,Streptomyces scabiei (strain 87.22) OX=680198,16,MNXR113049,-,2.4.1.250,3.0,0.0,0.63531,0.838197,1,0.736754,43.3,23.0,13.3,24.2,47605.36,8.8772,36.771,*O[C@@H]1O[C@H](CO)[C@@H](O[C@@H]2O[C@H](CO)[C@H](O)[C@H](O[C@@H]3O[C@H](CO)[C@@H](O)[C@H](O)[C@H]3NC(C)=O)[C@H]2O)[C@H](O)[C@H]1NC(C)=O.O=c1ccn([C@@H]2O[C@H](COP(=O)([O-])OP(=O)([O-])[O-])[C@@H](O)[C@H]2O)c(=O)[nH]1>>*O[C@@H]1O[C@H](CO)[C@@H](O[C@@H]2O[C@H](CO)[C@H](O)[C@H](O)[C@H]2O)[C@H](O)[C@H]1NC(C)=O.CC(=O)N[C@H]1[C@@H](OP(=O)([O-])OP(=O)([O-])OC[C@H]2O[C@@H](n3ccc(=O)[nH]c3=O)[C@H](O)[C@@H]2O)O[C@H](CO)[C@@H](O)[C@@H]1O,CC(=O)N[C@H]1[C@@H](OP(=O)([O-])OP(=O)([O-])OC[C@H]2O[C@@H](n3ccc(=O)[nH]c3=O)[C@H](O)[C@@H]2O)O[C@H](CO)[C@@H](O)[C@@H]1O.O=P([O-])([O-])O[C@H]1[C@@H](O)[C@@H](O)[C@H](O)[C@@H](O)[C@@H]1O>>CC(=O)N[C@H]1[C@@H](O[C@@H]2[C@H](O)[C@H](OP(=O)([O-])[O-])[C@@H](O)[C@H](O)[C@H]2O)O[C@H](CO)[C@@H](O)[C@@H]1O.[H+].O=c1ccn([C@@H]2O[C@H](COP(=O)([O-])OP(=O)([O-])[O-])[C@@H](O)[C@H]2O)c(=O)[nH]1
16,57.375340,A4T324,D-inositol 3-phosphate glycosyltransferase,Mycolicibacterium gilvum (strain PYR-GCK) OX=350054,16,MNXR113049,-,2.4.1.250,3.0,0.0,0.63531,0.838197,1,0.736754,33.3,31.2,14.6,24.6,46248.35,6.5537,38.235,*O[C@@H]1O[C@H](CO)[C@@H](O[C@@H]2O[C@H](CO)[C@H](O)[C@H](O[C@@H]3O[C@H](CO)[C@@H](O)[C@H](O)[C@H]3NC(C)=O)[C@H]2O)[C@H](O)[C@H]1NC(C)=O.O=c1ccn([C@@H]2O[C@H](COP(=O)([O-])OP(=O)([O-])[O-])[C@@H](O)[C@H]2O)c(=O)[nH]1>>*O[C@@H]1O[C@H](CO)[C@@H](O[C@@H]2O[C@H](CO)[C@H](O)[C@H](O)[C@H]2O)[C@H](O)[C@H]1NC(C)=O.CC(=O)N[C@H]1[C@@H](OP(=O)([O-])OP(=O)([O-])OC[C@H]2O[C@@H](n3ccc(=O)[nH]c3=O)[C@H](O)[C@@H]2O)O[C@H](CO)[C@@H](O)[C@@H]1O,CC(=O)N[C@H]1[C@@H](OP(=O)([O-])OP(=O)([O-])OC[C@H]2O[C@@H](n3ccc(=O)[nH]c3=O)[C@H](O)[C@@H]2O)O[C@H](CO)[C@@H](O)[C@@H]1O.O=P([O-])([O-])O[C@H]1[C@@H](O)[C@@H](O)[C@H](O)[C@@H](O)[C@@H]1O>>CC(=O)N[C@H]1[C@@H](O[C@@H]2[C@H](O)[C@H](OP(=O)([O-])[O-])[C@@H](O)[C@H](O)[C@H]2O)O[C@H](CO)[C@@H](O)[C@@H]1O.[H+].O=c1ccn([C@@H]2O[C@H](COP(=O)([O-])OP(=O)([O-])[O-])[C@@H](O)[C@H]2O)c(=O)[nH]1
17,57.375340,D1BD84,D-inositol 3-phosphate glycosyltransferase,Sanguibacter keddieii (strain ATCC 51767 / DSM 10542 / NCFB 3025 / ST-74) OX=446469,16,MNXR113049,-,2.4.1.250,3.0,0.0,0.63531,0.838197,1,0.736754,45.8,22.3,12.1,23.8,44539.34,4.8325,39.524,*O[C@@H]1O[C@H](CO)[C@@H](O[C@@H]2O[C@H](CO)[C@H](O)[C@H](O[C@@H]3O[C@H](CO)[C@@H](O)[C@H](O)[C@H]3NC(C)=O)[C@H]2O)[C@H](O)[C@H]1NC(C)=O.O=c1ccn([C@@H]2O[C@H](COP(=O)([O-])OP(=O)([O-])[O-])[C@@H](O)[C@H]2O)c(=O)[nH]1>>*O[C@@H]1O[C@H](CO)[C@@H](O[C@@H]2O[C@H](CO)[C@H](O)[C@H](O)[C@H]2O)[C@H](O)[C@H]1NC(C)=O.CC(=O)N[C@H]1[C@@H](OP(=O)([O-])OP(=O)([O-])OC[C@H]2O[C@@H](n3ccc(=O)[nH]c3=O)[C@H](O)[C@@H]2O)O[C@H](CO)[C@@H](O)[C@@H]1O,CC(=O)N[C@H]1[C@@H](OP(=O)([O-])OP(=O)([O-])OC[C@H]2O[C@@H](n3ccc(=O)[nH]c3=O)[C@H](O)[C@@H]2O)O[C@H](CO)[C@@H](O)[C@@H]1O.O=P([O-])([O-])O[C@H]1[C@@H](O)[C@@H](O)[C@H](O)[C@@H](O)[C@@H]1O>>CC(=O)N[C@H]1[C@@H](O[C@@H]2[C@H](O)[C@H](OP(=O)([O-])[O-])[C@@H](O)[C@H](O)[C@H]2O)O[C@H](CO)[C@@H](O)[C@@H]1O.[H+].O=c1ccn([C@@H]2O[C@H](COP(=O)([O-])OP(=O)([O-])[O-])[C@@H](O)[C@H]2O)c(=O)[nH]1
18,57.375340,A4FQ08,D-inositol 3-phosphate glycosyltransferase,Saccharopolyspora erythraea (strain ATCC 11635 / DSM 40517 / JCM 4748 / NBRC 13426 / NCIMB 8594 / NRRL 2338) OX=405948,16,MNXR113049,-,2.4.1.250,3.0,0.0,0.63531,0.838197,1,0.736754,37.9,29.5,13.7,22.8,45711.95,6.0177,38.568,*O[C@@H]1O[C@H](CO)[C@@H](O[C@@H]2O[C@H](CO)[C@H](O)[C@H](O[C@@H]3O[C@H](CO)[C@@H](O)[C@H](O)[C@H]3NC(C)=O)[C@H]2O)[C@H](O)[C@H]1NC(C)=O.O=c1ccn([C@@H]2O[C@H](COP(=O)([O-])OP(=O)([O-])[O-])[C@@H](O)[C@H]2O)c(=O)[nH]1>>*O[C@@H]1O[C@H](CO)[C@@H](O[C@@H]2O[C@H](CO)[C@H](O)[C@H](O)[C@H]2O)[C@H](O)[C@H]1NC(C)=O.CC(=O)N[C@H]1[C@@H](OP(=O)([O-])OP(=O)([O-])OC[C@H]2O[C@@H](n3ccc(=O)[nH]c3=O)[C@H](O)[C@@H]2O)O[C@H](CO)[C@@H](O)[C@@H]1O,CC(=O)N[C@H]1[C@@H](OP(=O)([O-])OP(=O)([O-])OC[C@H]2O[C@@H](n3ccc(=O)[nH]c3=O)[C@H](O)[C@@H]2O)O[C@H](CO)[C@@H](O)[C@@H]1O.O=P([O-])([O-])O[C@H]1[C@@H](O)[C@@H](O)[C@H](O)[C@@H](O)[C@@H]1O>>CC(=O)N[C@H]1[C@@H](O[C@@H]2[C@H](O)[C@H](OP(=O)([O-])[O-])[C@@H](O)[C@H](O)[C@H]2O)O[C@H](CO)[C@@H](O)[C@@H]1O.[H+].O=c1ccn([C@@H]2O[C@H](COP(=O)([O-])OP(=O)([O-])[O-])[C@@H](O)[C@H]2O)c(=O)[nH]1
19,57.375340,B8HCF8,D-inositol 3-phosphate glycosyltransferase,Pseudarthrobacter chlorophenolicus (strain ATCC 700700 / DSM 12829 / CIP 107037 / JCM 12360 / KCTC 9906 / NCIMB 13794 / A6) OX=452863,16,MNXR113049,-,2.4.1.250,3.0,0.0,0.63531,0.838197,1,0.736754,45.5,24.5,12.4,21.5,45549.98,6.6457,41.429,*O[C@@H]1O[C@H](CO)[C@@H](O[C@@H]2O[C@H](CO)[C@H](O)[C@H](O[C@@H]3O[C@H](CO)[C@@H](O)[C@H](O)[C@H]3NC(C)=O)[C@H]2O)[C@H](O)[C@H]1NC(C)=O.O=c1ccn([C@@H]2O[C@H](COP(=O)([O-])OP(=O)([O-])[O-])[C@@H](O)[C@H]2O)c(=O)[nH]1>>*O[C@@H]1O[C@H](CO)[C@@H](O[C@@H]2O[C@H](CO)[C@H](O)[C@H](O)[C@H]2O)[C@H](O)[C@H]1NC(C)=O.CC(=O)N[C@H]1[C@@H](OP(=O)([O-])OP(=O)([O-])OC[C@H]2O[C@@H](n3ccc(=O)[nH]c3=O)[C@H](O)[C@@H]2O)O[C@H](CO)[C@@H](O)[C@@H]1O,CC(=O)N[C@H]1[C@@H](OP(=O)([O-])OP(=O)([O-])OC[C@H]2O[C@@H](n3ccc(=O)[nH]c3=O)[C@H](O)[C@@H]2O)O[C@H](CO)[C@@H](O)[C@@H]1O.O=P([O-])([O-])O[C@H]1[C@@H](O)[C@@H](O)[C@H](O)[C@@H](O)[C@@H]1O>>CC(=O)N[C@H]1[C@@H](O[C@@H]2[C@H](O)[C@H](OP(=O)([O-])[O-])[C@@H](O)[C@H](O)[C@H]2O)O[C@H](CO)[C@@H](O)[C@@H]1O.[H+].O=c1ccn([C@@H]2O[C@H](COP(=O)([O-])OP(=O)([O-])[O-])[C@@H](O)[C@H]2O)c(=O)[nH]1
20,57.375340,A4QB40,D-inositol 3-phosphate glycosyltransferase,Corynebacterium glutamicum (strain R) OX=340322,16,MNXR113049,-,2.4.1.250,3.0,0.0,0.63531,0.838197,1,0.736754,42.3,21.9,13.7,26.1,45669.38,4.9219,44.737,*O[C@@H]1O[C@H](CO)[C@@H](O[C@@H]2O[C@H](CO)[C@H](O)[C@H](O[C@@H]3O[C@H](CO)[C@@H](O)[C@H](O)[C@H]3NC(C)=O)[C@H]2O)[C@H](O)[C@H]1NC(C)=O.O=c1ccn([C@@H]2O[C@H](COP(=O)([O-])OP(=O)([O-])[O-])[C@@H](O)[C@H]2O)c(=O)[nH]1>>*O[C@@H]1O[C@H](CO)[C@@H](O[C@@H]2O[C@H](CO)[C@H](O)[C@H](O)[C@H]2O)[C@H](O)[C@H]1NC(C)=O.CC(=O)N[C@H]1[C@@H](OP(=O)([O-])OP(=O)([O-])OC[C@H]2O[C@@H](n3ccc(=O)[nH]c3=O)[C@H](O)[C@@H]2O)O[C@H](CO)[C@@H](O)[C@@H]1O,CC(=O)N[C@H]1[C@@H](OP(=O)([O-])OP(=O)([O-])OC[C@H]2O[C@@H](n3ccc(=O)[nH]c3=O)[C@H](O)[C@@H]2O)O[C@H](CO)[C@@H](O)[C@@H]1O.O=P([O-])([O-])O[C@H]1[C@@H](O)[C@@H](O)[C@H](O)[C@@H](O)[C@@H]1O>>CC(=O)N[C@H]1[C@@H](O[C@@H]2[C@H](O)[C@H](OP(=O)([O-])[O-])[C@@H](O)[C@H](O)[C@H]2O)O[C@H](CO)[C@@H](O)[C@@H]1O.[H+].O=c1ccn([C@@H]2O[C@H](COP(=O)([O-])OP(=O)([O-])[O-])[C@@H](O)[C@H]2O)c(=O)[nH]1
21,57.375340,A8LZG1,D-inositol 3-phosphate glycosyltransferase,Salinispora arenicola (strain CNS-205) OX=391037,16,MNXR113049,-,2.4.1.250,3.0,0.0,0.63531,0.838197,1,0.736754,38.0,23.8,17.4,24.5,47533.05,6.7925,39.062,*O[C@@H]1O[C@H](CO)[C@@H](O[C@@H]2O[C@H](CO)[C@H](O)[C@H](O[C@@H]3O[C@H](CO)[C@@H](O)[C@H](O)[C@H]3NC(C)=O)[C@H]2O)[C@H](O)[C@H]1NC(C)=O.O=c1ccn([C@@H]2O[C@H](COP(=O)([O-])OP(=O)([O-])[O-])[C@@H](O)[C@H]2O)c(=O)[nH]1>>*O[C@@H]1O[C@H](CO)[C@@H](O[C@@H]2O[C@H](CO)[C@H](O)[C@H](O)[C@H]2O)[C@H](O)[C@H]1NC(C)=O.CC(=O)N[C@H]1[C@@H](OP(=O)([O-])OP(=O)([O-])OC[C@H]2O[C@@H](n3ccc(=O)[nH]c3=O)[C@H](O)[C@@H]2O)O[C@H](CO)[C@@H](O)[C@@H]1O,CC(=O)N[C@H]1[C@@H](OP(=O)([O-])OP(=O)([O-])OC[C@H]2O[C@@H](n3ccc(=O)[nH]c3=O)[C@H](O)[C@@H]2O)O[C@H](CO)[C@@H](O)[C@@H]1O.O=P([O-])([O-])O[C@H]1[C@@H](O)[C@@H](O)[C@H](O)[C@@H](O)[C@@H]1O>>CC(=O)N[C@H]1[C@@H](O[C@@H]2[C@H](O)[C@H](OP(=O)([O-])[O-])[C@@H](O)[C@H](O)[C@H]2O)O[C@H](CO)[C@@H](O)[C@@H]1O.[H+].O=c1ccn([C@@H]2O[C@H](COP(=O)([O-])OP(=O)([O-])[O-])[C@@H](O)[C@H]2O)c(=O)[nH]1
22,57.375340,D1A4Q3,D-inositol 3-phosphate glycosyltransferase,Thermomonospora curvata (strain ATCC 19995 / DSM 43183 / JCM 3096 / KCTC 9072 / NBRC 15933 / NCIMB 10081 / Henssen B9) OX=471852,16,MNXR113049,-,2.4.1.250,3.0,0.0,0.63531,0.838197,1,0.736754,44.3,24.8,13.3,21.4,45919.39,6.3831,38.747,*O[C@@H]1O[C@H](CO)[C@@H](O[C@@H]2O[C@H](CO)[C@H](O)[C@H](O[C@@H]3O[C@H](CO)[C@@H](O)[C@H](O)[C@H]3NC(C)=O)[C@H]2O)[C@H](O)[C@H]1NC(C)=O.O=c1ccn([C@@H]2O[C@H](COP(=O)([O-])OP(=O)([O-])[O-])[C@@H](O)[C@H]2O)c(=O)[nH]1>>*O[C@@H]1O[C@H](CO)[C@@H](O[C@@H]2O[C@H](CO)[C@H](O)[C@H](O)[C@H]2O)[C@H](O)[C@H]1NC(C)=O.CC(=O)N[C@H]1[C@@H](OP(=O)([O-])OP(=O)([O-])OC[C@H]2O[C@@H](n3ccc(=O)[nH]c3=O)[C@H](O)[C@@H]2O)O[C@H](CO)[C@@H](O)[C@@H]1O,CC(=O)N[C@H]1[C@@H](OP(=O)([O-])OP(=O)([O-])OC[C@H]2O[C@@H](n3ccc(=O)[nH]c3=O)[C@H](O)[C@@H]2O)O[C@H](CO)[C@@H](O)[C@@H]1O.O=P([O-])([O-])O[C@H]1[C@@H](O)[C@@H](O)[C@H](O)[C@@H](O)[C@@H]1O>>CC(=O)N[C@H]1[C@@H](O[C@@H]2[C@H](O)[C@H](OP(=O)([O-])[O-])[C@@H](O)[C@H](O)[C@H]2O)O[C@H](CO)[C@@H](O)[C@@H]1O.[H+].O=c1ccn([C@@H]2O[C@H](COP(=O)([O-])OP(=O)([O-])[O-])[C@@H](O)[C@H]2O)c(=O)[nH]1
23,57.375340,Q0SF06,D-inositol 3-phosphate glycosyltransferase,Rhodococcus jostii (strain RHA1) OX=101510,16,MNXR113049,-,2.4.1.250,3.0,0.0,0.63531,0.838197,1,0.736754,33.3,29.8,16.3,24.3,48243.48,6.5805,40.044,*O[C@@H]1O[C@H](CO)[C@@H](O[C@@H]2O[C@H](CO)[C@H](O)[C@H](O[C@@H]3O[C@H](CO)[C@@H](O)[C@H](O)[C@H]3NC(C)=O)[C@H]2O)[C@H](O)[C@H]1NC(C)=O.O=c1ccn([C@@H]2O[C@H](COP(=O)([O-])OP(=O)([O-])[O-])[C@@H](O)[C@H]2O)c(=O)[nH]1>>*O[C@@H]1O[C@H](CO)[C@@H](O[C@@H]2O[C@H](CO)[C@H](O)[C@H](O)[C@H]2O)[C@H](O)[C@H]1NC(C)=O.CC(=O)N[C@H]1[C@@H](OP(=O)([O-])OP(=O)([O-])OC[C@H]2O[C@@H](n3ccc(=O)[nH]c3=O)[C@H](O)[C@@H]2O)O[C@H](CO)[C@@H](O)[C@@H]1O,CC(=O)N[C@H]1[C@@H](OP(=O)([O-])OP(=O)([O-])OC[C@H]2O[C@@H](n3ccc(=O)[nH]c3=O)[C@H](O)[C@@H]2O)O[C@H](CO)[C@@H](O)[C@@H]1O.O=P([O-])([O-])O[C@H]1[C@@H](O)[C@@H](O)[C@H](O)[C@@H](O)[C@@H]1O>>CC(=O)N[C@H]1[C@@H](O[C@@H]2[C@H](O)[C@H](OP(=O)([O-])[O-])[C@@H](O)[C@H](O)[C@H]2O)O[C@H](CO)[C@@H](O)[C@@H]1O.[H+].O=c1ccn([C@@H]2O[C@H](COP(=O)([O-])OP(=O)([O-])[O-])[C@@H](O)[C@H]2O)c(=O)[nH]1
24,57.375340,B1VEI4,D-inositol 3-phosphate glycosyltransferase,Corynebacterium urealyticum (strain ATCC 43042 / DSM 7109) OX=504474,16,MNXR113049,-,2.4.1.250,3.0,0.0,0.63531,0.838197,1,0.736754,36.3,25.7,13.2,28.7,45970.12,5.0887,42.217,*O[C@@H]1O[C@H](CO)[C@@H](O[C@@H]2O[C@H](CO)[C@H](O)[C@H](O[C@@H]3O[C@H](CO)[C@@H](O)[C@H](O)[C@H]3NC(C)=O)[C@H]2O)[C@H](O)[C@H]1NC(C)=O.O=c1ccn([C@@H]2O[C@H](COP(=O)([O-])OP(=O)([O-])[O-])[C@@H](O)[C@H]2O)c(=O)[nH]1>>*O[C@@H]1O[C@H](CO)[C@@H](O[C@@H]2O[C@H](CO)[C@H](O)[C@H](O)[C@H]2O)[C@H](O)[C@H]1NC(C)=O.CC(=O)N[C@H]1[C@@H](OP(=O)([O-])OP(=O)([O-])OC[C@H]2O[C@@H](n3ccc(=O)[nH]c3=O)[C@H](O)[C@@H]2O)O[C@H](CO)[C@@H](O)[C@@H]1O,CC(=O)N[C@H]1[C@@H](OP(=O)([O-])OP(=O)([O-])OC[C@H]2O[C@@H](n3ccc(=O)[nH]c3=O)[C@H](O)[C@@H]2O)O[C@H](CO)[C@@H](O)[C@@H]1O.O=P([O-])([O-])O[C@H]1[C@@H](O)[C@@H](O)[C@H](O)[C@@H](O)[C@@H]1O>>CC(=O)N[C@H]1[C@@H](O[C@@H]2[C@H](O)[C@H](OP(=O)([O-])[O-])[C@@H](O)[C@H](O)[C@H]2O)O[C@H](CO)[C@@H](O)[C@@H]1O.[H+].O=c1ccn([C@@H]2O[C@H](COP(=O)([O-])OP(=O)([O-])[O-])[C@@H](O)[C@H]2O)c(=O)[nH]1
25,57.375340,A3PU84,D-inositol 3-phosphate glycosyltransferase,Mycobacterium sp. (strain JLS) OX=164757,16,MNXR113049,-,2.4.1.250,3.0,0.0,0.63531,0.838197,1,0.736754,36.9,27.7,16.8,22.5,46733.87,6.2347,39.863,*O[C@@H]1O[C@H](CO)[C@@H](O[C@@H]2O[C@H](CO)[C@H](O)[C@H](O[C@@H]3O[C@H](CO)[C@@H](O)[C@H](O)[C@H]3NC(C)=O)[C@H]2O)[C@H](O)[C@H]1NC(C)=O.O=c1ccn([C@@H]2O[C@H](COP(=O)([O-])OP(=O)([O-])[O-])[C@@H](O)[C@H]2O)c(=O)[nH]1>>*O[C@@H]1O[C@H](CO)[C@@H](O[C@@H]2O[C@H](CO)[C@H](O)[C@H](O)[C@H]2O)[C@H](O)[C@H]1NC(C)=O.CC(=O)N[C@H]1[C@@H](OP(=O)([O-])OP(=O)([O-])OC[C@H]2O[C@@H](n3ccc(=O)[nH]c3=O)[C@H](O)[C@@H]2O)O[C@H](CO)[C@@H](O)[C@@H]1O,CC(=O)N[C@H]1[C@@H](OP(=O)([O-])OP(=O)([O-])OC[C@H]2O[C@@H](n3ccc(=O)[nH]c3=O)[C@H](O)[C@@H]2O)O[C@H](CO)[C@@H](O)[C@@H]1O.O=P([O-])([O-])O[C@H]1[C@@H](O)[C@@H](O)[C@H](O)[C@@H](O)[C@@H]1O>>CC(=O)N[C@H]1[C@@H](O[C@@H]2[C@H](O)[C@H](OP(=O)([O-])[O-])[C@@H](O)[C@H](O)[C@H]2O)O[C@H](CO)[C@@H](O)[C@@H]1O.[H+].O=c1ccn([C@@H]2O[C@H](COP(=O)([O-])OP(=O)([O-])[O-])[C@@H](O)[C@H]2O)c(=O)[nH]1
26,57.375340,Q82G92,D-inositol 3-phosphate glycosyltransferase,Streptomyces avermitilis (strain ATCC 31267 / DSM 46492 / JCM 5070 / NBRC 14893 / NCIMB 12804 / NRRL 8165 / MA-4680) OX=227882,16,MNXR113049,-,2.4.1.250,3.0,0.0,0.63531,0.838197,1,0.736754,44.9,20.5,13.2,25.0,49980.11,9.9315,38.793,*O[C@@H]1O[C@H](CO)[C@@H](O[C@@H]2O[C@H](CO)[C@H](O)[C@H](O[C@@H]3O[C@H](CO)[C@@H](O)[C@H](O)[C@H]3NC(C)=O)[C@H]2O)[C@H](O)[C@H]1NC(C)=O.O=c1ccn([C@@H]2O[C@H](COP(=O)([O-])OP(=O)([O-])[O-])[C@@H](O)[C@H]2O)c(=O)[nH]1>>*O[C@@H]1O[C@H](CO)[C@@H](O[C@@H]2O[C@H](CO)[C@H](O)[C@H](O)[C@H]2O)[C@H](O)[C@H]1NC(C)=O.CC(=O)N[C@H]1[C@@H](OP(=O)([O-])OP(=O)([O-])OC[C@H]2O[C@@H](n3ccc(=O)[nH]c3=O)[C@H](O)[C@@H]2O)O[C@H](CO)[C@@H](O)[C@@H]1O,CC(=O)N[C@H]1[C@@H](OP(=O)([O-])OP(=O)([O-])OC[C@H]2O[C@@H](n3ccc(=O)[nH]c3=O)[C@H](O)[C@@H]2O)O[C@H](CO)[C@@H](O)[C@@H]1O.O=P([O-])([O-])O[C@H]1[C@@H](O)[C@@H](O)[C@H](O)[C@@H](O)[C@@H]1O>>CC(=O)N[C@H]1[C@@H](O[C@@H]2[C@H](O)[C@H](OP(=O)([O-])[O-])[C@@H](O)[C@H](O)[C@H]2O)O[C@H](CO)[C@@H](O)[C@@H]1O.[H+].O=c1ccn([C@@H]2O[C@H](COP(=O)([O-])OP(=O)([O-])[O-])[C@@H](O)[C@H]2O)c(=O)[nH]1
27,57.375340,P54138,D-inositol 3-phosphate glycosyltransferase,Mycobacterium leprae (strain TN) OX=272631,16,MNXR113049,-,2.4.1.250,3.0,0.0,0.63531,0.838197,1,0.736754,33.7,30.8,16.0,23.3,45291.73,7.8490,36.682,*O[C@@H]1O[C@H](CO)[C@@H](O[C@@H]2O[C@H](CO)[C@H](O)[C@H](O[C@@H]3O[C@H](CO)[C@@H](O)[C@H](O)[C@H]3NC(C)=O)[C@H]2O)[C@H](O)[C@H]1NC(C)=O.O=c1ccn([C@@H]2O[C@H](COP(=O)([O-])OP(=O)([O-])[O-])[C@@H](O)[C@H]2O)c(=O)[nH]1>>*O[C@@H]1O[C@H](CO)[C@@H](O[C@@H]2O[C@H](CO)[C@H](O)[C@H](O)[C@H]2O)[C@H](O)[C@H]1NC(C)=O.CC(=O)N[C@H]1[C@@H](OP(=O)([O-])OP(=O)([O-])OC[C@H]2O[C@@H](n3ccc(=O)[nH]c3=O)[C@H](O)[C@@H]2O)O[C@H](CO)[C@@H](O)[C@@H]1O,CC(=O)N[C@H]1[C@@H](OP(=O)([O-])OP(=O)([O-])OC[C@H]2O[C@@H](n3ccc(=O)[nH]c3=O)[C@H](O)[C@@H]2O)O[C@H](CO)[C@@H](O)[C@@H]1O.O=P([O-])([O-])O[C@H]1[C@@H](O)[C@@H](O)[C@H](O)[C@@H](O)[C@@H]1O>>CC(=O)N[C@H]1[C@@H](O[C@@H]2[C@H](O)[C@H](OP(=O)([O-])[O-])[C@@H](O)[C@H](O)[C@H]2O)O[C@H](CO)[C@@H](O)[C@@H]1O.[H+].O=c1ccn([C@@H]2O[C@H](COP(=O)([O-])OP(=O)([O-])[O-])[C@@H](O)[C@H]2O)c(=O)[nH]1
28,57.375340,D2S4K7,D-inositol 3-phosphate glycosyltransferase,Geodermatophilus obscurus (strain ATCC 25078 / DSM 43160 / JCM 3152 / KCC A-0152 / KCTC 9177 / NBRC 13315 / NRRL B-3577 / G-20) OX=526225,16,MNXR113049,-,2.4.1.250,3.0,0.0,0.63531,0.838197,1,0.736754,44.9,24.2,13.1,21.4,47740.47,7.2464,37.556,*O[C@@H]1O[C@H](CO)[C@@H](O[C@@H]2O[C@H](CO)[C@H](O)[C@H](O[C@@H]3O[C@H](CO)[C@@H](O)[C@H](O)[C@H]3NC(C)=O)[C@H]2O)[C@H](O)[C@H]1NC(C)=O.O=c1ccn([C@@H]2O[C@H](COP(=O)([O-])OP(=O)([O-])[O-])[C@@H](O)[C@H]2O)c(=O)[nH]1>>*O[C@@H]1O[C@H](CO)[C@@H](O[C@@H]2O[C@H](CO)[C@H](O)[C@H](O)[C@H]2O)[C@H](O)[C@H]1NC(C)=O.CC(=O)N[C@H]1[C@@H](OP(=O)([O-])OP(=O)([O-])OC[C@H]2O[C@@H](n3ccc(=O)[nH]c3=O)[C@H](O)[C@@H]2O)O[C@H](CO)[C@@H](O)[C@@H]1O,CC(=O)N[C@H]1[C@@H](OP(=O)([O-])OP(=O)([O-])OC[C@H]2O[C@@H](n3ccc(=O)[nH]c3=O)[C@H](O)[C@@H]2O)O[C@H](CO)[C@@H](O)[C@@H]1O.O=P([O-])([O-])O[C@H]1[C@@H](O)[C@@H](O)[C@H](O)[C@@H](O)[C@@H]1O>>CC(=O)N[C@H]1[C@@H](O[C@@H]2[C@H](O)[C@H](OP(=O)([O-])[O-])[C@@H](O)[C@H](O)[C@H]2O)O[C@H](CO)[C@@H](O)[C@@H]1O.[H+].O=c1ccn([C@@H]2O[C@H](COP(=O)([O-])OP(=O)([O-])[O-])[C@@H](O)[C@H]2O)c(=O)[nH]1
29,57.375340,Q47KS6,D-inositol 3-phosphate glycosyltransferase,Thermobifida fusca (strain YX) OX=269800,16,MNXR113049,-,2.4.1.250,3.0,0.0,0.63531,0.838197,1,0.736754,34.0,27.5,14.6,27.8,46721.10,6.1135,40.323,*O[C@@H]1O[C@H](CO)[C@@H](O[C@@H]2O[C@H](CO)[C@H](O)[C@H](O[C@@H]3O[C@H](CO)[C@@H](O)[C@H](O)[C@H]3NC(C)=O)[C@H]2O)[C@H](O)[C@H]1NC(C)=O.O=c1ccn([C@@H]2O[C@H](COP(=O)([O-])OP(=O)([O-])[O-])[C@@H](O)[C@H]2O)c(=O)[nH]1>>*O[C@@H]1O[C@H](CO)[C@@H](O[C@@H]2O[C@H](CO)[C@H](O)[C@H](O)[C@H]2O)[C@H](O)[C@H]1NC(C)=O.CC(=O)N[C@H]1[C@@H](OP(=O)([O-])OP(=O)([O-])OC[C@H]2O[C@@H](n3ccc(=O)[nH]c3=O)[C@H](O)[C@@H]2O)O[C@H](CO)[C@@H](O)[C@@H]1O,CC(=O)N[C@H]1[C@@H](OP(=O)([O-])OP(=O)([O-])OC[C@H]2O[C@@H](n3ccc(=O)[nH]c3=O)[C@H](O)[C@@H]2O)O[C@H](CO)[C@@H](O)[C@@H]1O.O=P([O-])([O-])O[C@H]1[C@@H](O)[C@@H](O)[C@H](O)[C@@H](O)[C@@H]1O>>CC(=O)N[C@H]1[C@@H](O[C@@H]2[C@H](O)[C@H](OP(=O)([O-])[O-])[C@@H](O)[C@H](O)[C@H]2O)O[C@H](CO)[C@@H](O)[C@@H]1O.[H+].O=c1ccn([C@@H]2O[C@H](COP(=O)([O-])OP(=O)([O-])[O-])[C@@H](O)[C@H]2O)c(=O)[nH]1
30,57.375340,A0LQY9,D-inositol 3-phosphate glycosyltransferase,Acidothermus cellulolyticus (strain ATCC 43068 / DSM 8971 / 11B) OX=351607,16,MNXR113049,-,2.4.1.250,3.0,0.0,0.63531,0.838197,1,0.736754,29.4,31.5,15.7,27.1,48018.13,9.6903,37.500,*O[C@@H]1O[C@H](CO)[C@@H](O[C@@H]2O[C@H](CO)[C@H](O)[C@H](O[C@@H]3O[C@H](CO)[C@@H](O)[C@H](O)[C@H]3NC(C)=O)[C@H]2O)[C@H](O)[C@H]1NC(C)=O.O=c1ccn([C@@H]2O[C@H](COP(=O)([O-])OP(=O)([O-])[O-])[C@@H](O)[C@H]2O)c(=O)[nH]1>>*O[C@@H]1O[C@H](CO)[C@@H](O[C@@H]2O[C@H](CO)[C@H](O)[C@H](O)[C@H]2O)[C@H](O)[C@H]1NC(C)=O.CC(=O)N[C@H]1[C@@H](OP(=O)([O-])OP(=O)([O-])OC[C@H]2O[C@@H](n3ccc(=O)[nH]c3=O)[C@H](O)[C@@H]2O)O[C@H](CO)[C@@H](O)[C@@H]1O,CC(=O)N[C@H]1[C@@H](OP(=O)([O-])OP(=O)([O-])OC[C@H]2O[C@@H](n3ccc(=O)[nH]c3=O)[C@H](O)[C@@H]2O)O[C@H](CO)[C@@H](O)[C@@H]1O.O=P([O-])([O-])O[C@H]1[C@@H](O)[C@@H](O)[C@H](O)[C@@H](O)[C@@H]1O>>CC(=O)N[C@H]1[C@@H](O[C@@H]2[C@H](O)[C@H](OP(=O)([O-])[O-])[C@@H](O)[C@H](O)[C@H]2O)O[C@H](CO)[C@@H](O)[C@@H]1O.[H+].O=c1ccn([C@@H]2O[C@H](COP(=O)([O-])OP(=O)([O-])[O-])[C@@H](O)[C@H]2O)c(=O)[nH]1
31,57.375340,Q8FSH1,D-inositol 3-phosphate glycosyltransferase,Corynebacterium efficiens (strain DSM 44549 / YS-314 / AJ 12310 / JCM 11189 / NBRC 100395) OX=196164,16,MNXR113049,-,2.4.1.250,3.0,0.0,0.63531,0.838197,1,0.736754,39.5,23.5,15.4,25.5,46016.85,4.7404,42.453,*O[C@@H]1O[C@H](CO)[C@@H](O[C@@H]2O[C@H](CO)[C@H](O)[C@H](O[C@@H]3O[C@H](CO)[C@@H](O)[C@H](O)[C@H]3NC(C)=O)[C@H]2O)[C@H](O)[C@H]1NC(C)=O.O=c1ccn([C@@H]2O[C@H](COP(=O)([O-])OP(=O)([O-])[O-])[C@@H](O)[C@H]2O)c(=O)[nH]1>>*O[C@@H]1O[C@H](CO)[C@@H](O[C@@H]2O[C@H](CO)[C@H](O)[C@H](O)[C@H]2O)[C@H](O)[C@H]1NC(C)=O.CC(=O)N[C@H]1[C@@H](OP(=O)([O-])OP(=O)([O-])OC[C@H]2O[C@@H](n3ccc(=O)[nH]c3=O)[C@H](O)[C@@H]2O)O[C@H](CO)[C@@H](O)[C@@H]1O,CC(=O)N[C@H]1[C@@H](OP(=O)([O-])OP(=O)([O-])OC[C@H]2O[C@@H](n3ccc(=O)[nH]c3=O)[C@H](O)[C@@H]2O)O[C@H](CO)[C@@H](O)[C@@H]1O.O=P([O-])([O-])O[C@H]1[C@@H](O)[C@@H](O)[C@H](O)[C@@H](O)[C@@H]1O>>CC(=O)N[C@H]1[C@@H](O[C@@H]2[C@H](O)[C@H](OP(=O)([O-])[O-])[C@@H](O)[C@H](O)[C@H]2O)O[C@H](CO)[C@@H](O)[C@@H]1O.[H+].O=c1ccn([C@@H]2O[C@H](COP(=O)([O-])OP(=O)([O-])[O-])[C@@H](O)[C@H]2O)c(=O)[nH]1
32,57.375340,B1MHQ0,D-inositol 3-phosphate glycosyltransferase,Mycobacteroides abscessus (strain ATCC 19977 / DSM 44196 / CCUG 20993 / CIP 104536 / JCM 13569 / NCTC 13031 / TMC 1543 / L948) OX=561007,16,MNXR113049,-,2.4.1.250,3.0,0.0,0.63531,0.838197,1,0.736754,33.7,27.4,16.9,25.8,47274.54,6.6860,40.181,*O[C@@H]1O[C@H](CO)[C@@H](O[C@@H]2O[C@H](CO)[C@H](O)[C@H](O[C@@H]3O[C@H](CO)[C@@H](O)[C@H](O)[C@H]3NC(C)=O)[C@H]2O)[C@H](O)[C@H]1NC(C)=O.O=c1ccn([C@@H]2O[C@H](COP(=O)([O-])OP(=O)([O-])[O-])[C@@H](O)[C@H]2O)c(=O)[nH]1>>*O[C@@H]1O[C@H](CO)[C@@H](O[C@@H]2O[C@H](CO)[C@H](O)[C@H](O)[C@H]2O)[C@H](O)[C@H]1NC(C)=O.CC(=O)N[C@H]1[C@@H](OP(=O)([O-])OP(=O)([O-])OC[C@H]2O[C@@H](n3ccc(=O)[nH]c3=O)[C@H](O)[C@@H]2O)O[C@H](CO)[C@@H](O)[C@@H]1O,CC(=O)N[C@H]1[C@@H](OP(=O)([O-])OP(=O)([O-])OC[C@H]2O[C@@H](n3ccc(=O)[nH]c3=O)[C@H](O)[C@@H]2O)O[C@H](CO)[C@@H](O)[C@@H]1O.O=P([O-])([O-])O[C@H]1[C@@H](O)[C@@H](O)[C@H](O)[C@@H](O)[C@@H]1O>>CC(=O)N[C@H]1[C@@H](O[C@@H]2[C@H](O)[C@H](OP(=O)([O-])[O-])[C@@H](O)[C@H](O)[C@H]2O)O[C@H](CO)[C@@H](O)[C@@H]1O.[H+].O=c1ccn([C@@H]2O[C@H](COP(=O)([O-])OP(=O)([O-])[O-])[C@@H](O)[C@H]2O)c(=O)[nH]1
33,57.375340,D1BZ82,D-inositol 3-phosphate glycosyltransferase,Xylanimonas cellulosilytica (strain DSM 15894 / CECT 5975 / LMG 20990 / XIL07) OX=446471,16,MNXR113049,-,2.4.1.250,3.0,0.0,0.63531,0.838197,1,0.736754,44.4,23.4,15.2,20.9,44443.58,6.0563,37.650,*O[C@@H]1O[C@H](CO)[C@@H](O[C@@H]2O[C@H](CO)[C@H](O)[C@H](O[C@@H]3O[C@H](CO)[C@@H](O)[C@H](O)[C@H]3NC(C)=O)[C@H]2O)[C@H](O)[C@H]1NC(C)=O.O=c1ccn([C@@H]2O[C@H](COP(=O)([O-])OP(=O)([O-])[O-])[C@@H](O)[C@H]2O)c(=O)[nH]1>>*O[C@@H]1O[C@H](CO)[C@@H](O[C@@H]2O[C@H](CO)[C@H](O)[C@H](O)[C@H]2O)[C@H](O)[C@H]1NC(C)=O.CC(=O)N[C@H]1[C@@H](OP(=O)([O-])OP(=O)([O-])OC[C@H]2O[C@@H](n3ccc(=O)[nH]c3=O)[C@H](O)[C@@H]2O)O[C@H](CO)[C@@H](O)[C@@H]1O,CC(=O)N[C@H]1[C@@H](OP(=O)([O-])OP(=O)([O-])OC[C@H]2O[C@@H](n3ccc(=O)[nH]c3=O)[C@H](O)[C@@H]2O)O[C@H](CO)[C@@H](O)[C@@H]1O.O=P([O-])([O-])O[C@H]1[C@@H](O)[C@@H](O)[C@H](O)[C@@H](O)[C@@H]1O>>CC(=O)N[C@H]1[C@@H](O[C@@H]2[C@H](O)[C@H](OP(=O)([O-])[O-])[C@@H](O)[C@H](O)[C@H]2O)O[C@H](CO)[C@@H](O)[C@@H]1O.[H+].O=c1ccn([C@@H]2O[C@H](COP(=O)([O-])OP(=O)([O-])[O-])[C@@H](O)[C@H]2O)c(=O)[nH]1
34,57.375340,A1SP12,D-inositol 3-phosphate glycosyltransferase,Nocardioides sp. (strain ATCC BAA-499 / JS614) OX=196162,16,MNXR113049,-,2.4.1.250,3.0,0.0,0.63531,0.838197,1,0.736754,45.5,22.4,12.2,23.5,49006.56,5.2124,39.956,*O[C@@H]1O[C@H](CO)[C@@H](O[C@@H]2O[C@H](CO)[C@H](O)[C@H](O[C@@H]3O[C@H](CO)[C@@H](O)[C@H](O)[C@H]3NC(C)=O)[C@H]2O)[C@H](O)[C@H]1NC(C)=O.O=c1ccn([C@@H]2O[C@H](COP(=O)([O-])OP(=O)([O-])[O-])[C@@H](O)[C@H]2O)c(=O)[nH]1>>*O[C@@H]1O[C@H](CO)[C@@H](O[C@@H]2O[C@H](CO)[C@H](O)[C@H](O)[C@H]2O)[C@H](O)[C@H]1NC(C)=O.CC(=O)N[C@H]1[C@@H](OP(=O)([O-])OP(=O)([O-])OC[C@H]2O[C@@H](n3ccc(=O)[nH]c3=O)[C@H](O)[C@@H]2O)O[C@H](CO)[C@@H](O)[C@@H]1O,CC(=O)N[C@H]1[C@@H](OP(=O)([O-])OP(=O)([O-])OC[C@H]2O[C@@H](n3ccc(=O)[nH]c3=O)[C@H](O)[C@@H]2O)O[C@H](CO)[C@@H](O)[C@@H]1O.O=P([O-])([O-])O[C@H]1[C@@H](O)[C@@H](O)[C@H](O)[C@@H](O)[C@@H]1O>>CC(=O)N[C@H]1[C@@H](O[C@@H]2[C@H](O)[C@H](OP(=O)([O-])[O-])[C@@H](O)[C@H](O)[C@H]2O)O[C@H](CO)[C@@H](O)[C@@H]1O.[H+].O=c1ccn([C@@H]2O[C@H](COP(=O)([O-])OP(=O)([O-])[O-])[C@@H](O)[C@H]2O)c(=O)[nH]1
35,57.375340,D5UJ42,D-inositol 3-phosphate glycosyltransferase,Cellulomonas flavigena (strain ATCC 482 / DSM 20109 / BCRC 11376 / JCM 18109 / NBRC 3775 / NCIMB 8073 / NRS 134) OX=446466,16,MNXR113049,-,2.4.1.250,3.0,0.0,0.63531,0.838197,1,0.736754,38.2,30.2,13.1,22.2,46621.01,5.6230,36.569,*O[C@@H]1O[C@H](CO)[C@@H](O[C@@H]2O[C@H](CO)[C@H](O)[C@H](O[C@@H]3O[C@H](CO)[C@@H](O)[C@H](O)[C@H]3NC(C)=O)[C@H]2O)[C@H](O)[C@H]1NC(C)=O.O=c1ccn([C@@H]2O[C@H](COP(=O)([O-])OP(=O)([O-])[O-])[C@@H](O)[C@H]2O)c(=O)[nH]1>>*O[C@@H]1O[C@H](CO)[C@@H](O[C@@H]2O[C@H](CO)[C@H](O)[C@H](O)[C@H]2O)[C@H](O)[C@H]1NC(C)=O.CC(=O)N[C@H]1[C@@H](OP(=O)([O-])OP(=O)([O-])OC[C@H]2O[C@@H](n3ccc(=O)[nH]c3=O)[C@H](O)[C@@H]2O)O[C@H](CO)[C@@H](O)[C@@H]1O,CC(=O)N[C@H]1[C@@H](OP(=O)([O-])OP(=O)([O-])OC[C@H]2O[C@@H](n3ccc(=O)[nH]c3=O)[C@H](O)[C@@H]2O)O[C@H](CO)[C@@H](O)[C@@H]1O.O=P([O-])([O-])O[C@H]1[C@@H](O)[C@@H](O)[C@H](O)[C@@H](O)[C@@H]1O>>CC(=O)N[C@H]1[C@@H](O[C@@H]2[C@H](O)[C@H](OP(=O)([O-])[O-])[C@@H](O)[C@H](O)[C@H]2O)O[C@H](CO)[C@@H](O)[C@@H]1O.[H+].O=c1ccn([C@@H]2O[C@H](COP(=O)([O-])OP(=O)([O-])[O-])[C@@H](O)[C@H]2O)c(=O)[nH]1
36,57.375340,Q0RS49,D-inositol 3-phosphate glycosyltransferase,Frankia alni (strain ACN14a) OX=326424,16,MNXR113049,-,2.4.1.250,3.0,0.0,0.63531,0.838197,1,0.736754,32.0,30.7,13.3,28.1,43126.97,6.6821,38.084,*O[C@@H]1O[C@H](CO)[C@@H](O[C@@H]2O[C@H](CO)[C@H](O)[C@H](O[C@@H]3O[C@H](CO)[C@@H](O)[C@H](O)[C@H]3NC(C)=O)[C@H]2O)[C@H](O)[C@H]1NC(C)=O.O=c1ccn([C@@H]2O[C@H](COP(=O)([O-])OP(=O)([O-])[O-])[C@@H](O)[C@H]2O)c(=O)[nH]1>>*O[C@@H]1O[C@H](CO)[C@@H](O[C@@H]2O[C@H](CO)[C@H](O)[C@H](O)[C@H]2O)[C@H](O)[C@H]1NC(C)=O.CC(=O)N[C@H]1[C@@H](OP(=O)([O-])OP(=O)([O-])OC[C@H]2O[C@@H](n3ccc(=O)[nH]c3=O)[C@H](O)[C@@H]2O)O[C@H](CO)[C@@H](O)[C@@H]1O,CC(=O)N[C@H]1[C@@H](OP(=O)([O-])OP(=O)([O-])OC[C@H]2O[C@@H](n3ccc(=O)[nH]c3=O)[C@H](O)[C@@H]2O)O[C@H](CO)[C@@H](O)[C@@H]1O.O=P([O-])([O-])O[C@H]1[C@@H](O)[C@@H](O)[C@H](O)[C@@H](O)[C@@H]1O>>CC(=O)N[C@H]1[C@@H](O[C@@H]2[C@H](O)[C@H](OP(=O)([O-])[O-])[C@@H](O)[C@H](O)[C@H]2O)O[C@H](CO)[C@@H](O)[C@@H]1O.[H+].O=c1ccn([C@@H]2O[C@H](COP(=O)([O-])OP(=O)([O-])[O-])[C@@H](O)[C@H]2O)c(=O)[nH]1
37,57.375340,Q4JSW2,D-inositol 3-phosphate glycosyltransferase,Corynebacterium jeikeium (strain K411) OX=306537,16,MNXR113049,-,2.4.1.250,3.0,0.0,0.63531,0.838197,1,0.736754,34.2,27.0,17.9,24.8,45422.57,5.1876,41.289,*O[C@@H]1O[C@H](CO)[C@@H](O[C@@H]2O[C@H](CO)[C@H](O)[C@H](O[C@@H]3O[C@H](CO)[C@@H](O)[C@H](O)[C@H]3NC(C)=O)[C@H]2O)[C@H](O)[C@H]1NC(C)=O.O=c1ccn([C@@H]2O[C@H](COP(=O)([O-])OP(=O)([O-])[O-])[C@@H](O)[C@H]2O)c(=O)[nH]1>>*O[C@@H]1O[C@H](CO)[C@@H](O[C@@H]2O[C@H](CO)[C@H](O)[C@H](O)[C@H]2O)[C@H](O)[C@H]1NC(C)=O.CC(=O)N[C@H]1[C@@H](OP(=O)([O-])OP(=O)([O-])OC[C@H]2O[C@@H](n3ccc(=O)[nH]c3=O)[C@H](O)[C@@H]2O)O[C@H](CO)[C@@H](O)[C@@H]1O,CC(=O)N[C@H]1[C@@H](OP(=O)([O-])OP(=O)([O-])OC[C@H]2O[C@@H](n3ccc(=O)[nH]c3=O)[C@H](O)[C@@H]2O)O[C@H](CO)[C@@H](O)[C@@H]1O.O=P([O-])([O-])O[C@H]1[C@@H](O)[C@@H](O)[C@H](O)[C@@H](O)[C@@H]1O>>CC(=O)N[C@H]1[C@@H](O[C@@H]2[C@H](O)[C@H](OP(=O)([O-])[O-])[C@@H](O)[C@H](O)[C@H]2O)O[C@H](CO)[C@@H](O)[C@@H]1O.[H+].O=c1ccn([C@@H]2O[C@H](COP(=O)([O-])OP(=O)([O-])[O-])[C@@H](O)[C@H]2O)c(=O)[nH]1
38,57.375340,A1R8N8,D-inositol 3-phosphate glycosyltransferase,Paenarthrobacter aurescens (strain TC1) OX=290340,16,MNXR113049,-,2.4.1.250,3.0,0.0,0.63531,0.838197,1,0.736754,44.6,22.4,14.0,23.0,44653.87,6.4659,42.892,*O[C@@H]1O[C@H](CO)[C@@H](O[C@@H]2O[C@H](CO)[C@H](O)[C@H](O[C@@H]3O[C@H](CO)[C@@H](O)[C@H](O)[C@H]3NC(C)=O)[C@H]2O)[C@H](O)[C@H]1NC(C)=O.O=c1ccn([C@@H]2O[C@H](COP(=O)([O-])OP(=O)([O-])[O-])[C@@H](O)[C@H]2O)c(=O)[nH]1>>*O[C@@H]1O[C@H](CO)[C@@H](O[C@@H]2O[C@H](CO)[C@H](O)[C@H](O)[C@H]2O)[C@H](O)[C@H]1NC(C)=O.CC(=O)N[C@H]1[C@@H](OP(=O)([O-])OP(=O)([O-])OC[C@H]2O[C@@H](n3ccc(=O)[nH]c3=O)[C@H](O)[C@@H]2O)O[C@H](CO)[C@@H](O)[C@@H]1O,CC(=O)N[C@H]1[C@@H](OP(=O)([O-])OP(=O)([O-])OC[C@H]2O[C@@H](n3ccc(=O)[nH]c3=O)[C@H](O)[C@@H]2O)O[C@H](CO)[C@@H](O)[C@@H]1O.O=P([O-])([O-])O[C@H]1[C@@H](O)[C@@H](O)[C@H](O)[C@@H](O)[C@@H]1O>>CC(=O)N[C@H]1[C@@H](O[C@@H]2[C@H](O)[C@H](OP(=O)([O-])[O-])[C@@H](O)[C@H](O)[C@H]2O)O[C@H](CO)[C@@H](O)[C@@H]1O.[H+].O=c1ccn([C@@H]2O[C@H](COP(=O)([O-])OP(=O)([O-])[O-])[C@@H](O)[C@H]2O)c(=O)[nH]1
39,57.375340,D0L476,D-inositol 3-phosphate glycosyltransferase,Gordonia bronchialis (strain ATCC 25592 / DSM 43247 / BCRC 13721 / JCM 3198 / KCTC 3076 / NBRC 16047 / NCTC 10667) OX=526226,16,MNXR113049,-,2.4.1.250,3.0,0.0,0.63531,0.838197,1,0.736754,33.9,30.5,15.2,24.0,48663.12,8.1250,41.485,*O[C@@H]1O[C@H](CO)[C@@H](O[C@@H]2O[C@H](CO)[C@H](O)[C@H](O[C@@H]3O[C@H](CO)[C@@H](O)[C@H](O)[C@H]3NC(C)=O)[C@H]2O)[C@H](O)[C@H]1NC(C)=O.O=c1ccn([C@@H]2O[C@H](COP(=O)([O-])OP(=O)([O-])[O-])[C@@H](O)[C@H]2O)c(=O)[nH]1>>*O[C@@H]1O[C@H](CO)[C@@H](O[C@@H]2O[C@H](CO)[C@H](O)[C@H](O)[C@H]2O)[C@H](O)[C@H]1NC(C)=O.CC(=O)N[C@H]1[C@@H](OP(=O)([O-])OP(=O)([O-])OC[C@H]2O[C@@H](n3ccc(=O)[nH]c3=O)[C@H](O)[C@@H]2O)O[C@H](CO)[C@@H](O)[C@@H]1O,CC(=O)N[C@H]1[C@@H](OP(=O)([O-])OP(=O)([O-])OC[C@H]2O[C@@H](n3ccc(=O)[nH]c3=O)[C@H](O)[C@@H]2O)O[C@H](CO)[C@@H](O)[C@@H]1O.O=P([O-])([O-])O[C@H]1[C@@H](O)[C@@H](O)[C@H](O)[C@@H](O)[C@@H]1O>>CC(=O)N[C@H]1[C@@H](O[C@@H]2[C@H](O)[C@H](OP(=O)([O-])[O-])[C@@H](O)[C@H](O)[C@H]2O)O[C@H](CO)[C@@H](O)[C@@H]1O.[H+].O=c1ccn([C@@H]2O[C@H](COP(=O)([O-])OP(=O)([O-])[O-])[C@@H](O)[C@H]2O)c(=O)[nH]1
40,57.375340,A8LDJ8,D-inositol 3-phosphate glycosyltransferase,Frankia sp. (strain EAN1pec) OX=298653,16,MNXR113049,-,2.4.1.250,3.0,0.0,0.63531,0.838197,1,0.736754,36.1,26.8,11.7,29.2,46020.51,6.9722,37.788,*O[C@@H]1O[C@H](CO)[C@@H](O[C@@H]2O[C@H](CO)[C@H](O)[C@H](O[C@@H]3O[C@H](CO)[C@@H](O)[C@H](O)[C@H]3NC(C)=O)[C@H]2O)[C@H](O)[C@H]1NC(C)=O.O=c1ccn([C@@H]2O[C@H](COP(=O)([O-])OP(=O)([O-])[O-])[C@@H](O)[C@H]2O)c(=O)[nH]1>>*O[C@@H]1O[C@H](CO)[C@@H](O[C@@H]2O[C@H](CO)[C@H](O)[C@H](O)[C@H]2O)[C@H](O)[C@H]1NC(C)=O.CC(=O)N[C@H]1[C@@H](OP(=O)([O-])OP(=O)([O-])OC[C@H]2O[C@@H](n3ccc(=O)[nH]c3=O)[C@H](O)[C@@H]2O)O[C@H](CO)[C@@H](O)[C@@H]1O,CC(=O)N[C@H]1[C@@H](OP(=O)([O-])OP(=O)([O-])OC[C@H]2O[C@@H](n3ccc(=O)[nH]c3=O)[C@H](O)[C@@H]2O)O[C@H](CO)[C@@H](O)[C@@H]1O.O=P([O-])([O-])O[C@H]1[C@@H](O)[C@@H](O)[C@H](O)[C@@H](O)[C@@H]1O>>CC(=O)N[C@H]1[C@@H](O[C@@H]2[C@H](O)[C@H](OP(=O)([O-])[O-])[C@@H](O)[C@H](O)[C@H]2O)O[C@H](CO)[C@@H](O)[C@@H]1O.[H+].O=c1ccn([C@@H]2O[C@H](COP(=O)([O-])OP(=O)([O-])[O-])[C@@H](O)[C@H]2O)c(=O)[nH]1
41,57.375340,C4LLD6,D-inositol 3-phosphate glycosyltransferase,Corynebacterium kroppenstedtii (strain DSM 44385 / JCM 11950 / CIP 105744 / CCUG 35717) OX=645127,16,MNXR113049,-,2.4.1.250,3.0,0.0,0.63531,0.838197,1,0.736754,29.7,27.6,18.4,28.0,48799.25,6.3477,44.124,*O[C@@H]1O[C@H](CO)[C@@H](O[C@@H]2O[C@H](CO)[C@H](O)[C@H](O[C@@H]3O[C@H](CO)[C@@H](O)[C@H](O)[C@H]3NC(C)=O)[C@H]2O)[C@H](O)[C@H]1NC(C)=O.O=c1ccn([C@@H]2O[C@H](COP(=O)([O-])OP(=O)([O-])[O-])[C@@H](O)[C@H]2O)c(=O)[nH]1>>*O[C@@H]1O[C@H](CO)[C@@H](O[C@@H]2O[C@H](CO)[C@H](O)[C@H](O)[C@H]2O)[C@H](O)[C@H]1NC(C)=O.CC(=O)N[C@H]1[C@@H](OP(=O)([O-])OP(=O)([O-])OC[C@H]2O[C@@H](n3ccc(=O)[nH]c3=O)[C@H](O)[C@@H]2O)O[C@H](CO)[C@@H](O)[C@@H]1O,CC(=O)N[C@H]1[C@@H](OP(=O)([O-])OP(=O)([O-])OC[C@H]2O[C@@H](n3ccc(=O)[nH]c3=O)[C@H](O)[C@@H]2O)O[C@H](CO)[C@@H](O)[C@@H]1O.O=P([O-])([O-])O[C@H]1[C@@H](O)[C@@H](O)[C@H](O)[C@@H](O)[C@@H]1O>>CC(=O)N[C@H]1[C@@H](O[C@@H]2[C@H](O)[C@H](OP(=O)([O-])[O-])[C@@H](O)[C@H](O)[C@H]2O)O[C@H](CO)[C@@H](O)[C@@H]1O.[H+].O=c1ccn([C@@H]2O[C@H](COP(=O)([O-])OP(=O)([O-])[O-])[C@@H](O)[C@H]2O)c(=O)[nH]1
42,57.375340,Q5YP47,D-inositol 3-phosphate glycosyltransferase,Nocardia farcinica (strain IFM 10152) OX=247156,16,MNXR113049,-,2.4.1.250,3.0,0.0,0.63531,0.838197,1,0.736754,38.4,23.4,16.8,25.1,48434.13,7.3952,38.803,*O[C@@H]1O[C@H](CO)[C@@H](O[C@@H]2O[C@H](CO)[C@H](O)[C@H](O[C@@H]3O[C@H](CO)[C@@H](O)[C@H](O)[C@H]3NC(C)=O)[C@H]2O)[C@H](O)[C@H]1NC(C)=O.O=c1ccn([C@@H]2O[C@H](COP(=O)([O-])OP(=O)([O-])[O-])[C@@H](O)[C@H]2O)c(=O)[nH]1>>*O[C@@H]1O[C@H](CO)[C@@H](O[C@@H]2O[C@H](CO)[C@H](O)[C@H](O)[C@H]2O)[C@H](O)[C@H]1NC(C)=O.CC(=O)N[C@H]1[C@@H](OP(=O)([O-])OP(=O)([O-])OC[C@H]2O[C@@H](n3ccc(=O)[nH]c3=O)[C@H](O)[C@@H]2O)O[C@H](CO)[C@@H](O)[C@@H]1O,CC(=O)N[C@H]1[C@@H](OP(=O)([O-])OP(=O)([O-])OC[C@H]2O[C@@H](n3ccc(=O)[nH]c3=O)[C@H](O)[C@@H]2O)O[C@H](CO)[C@@H](O)[C@@H]1O.O=P([O-])([O-])O[C@H]1[C@@H](O)[C@@H](O)[C@H](O)[C@@H](O)[C@@H]1O>>CC(=O)N[C@H]1[C@@H](O[C@@H]2[C@H](O)[C@H](OP(=O)([O-])[O-])[C@@H](O)[C@H](O)[C@H]2O)O[C@H](CO)[C@@H](O)[C@@H]1O.[H+].O=c1ccn([C@@H]2O[C@H](COP(=O)([O-])OP(=O)([O-])[O-])[C@@H](O)[C@H]2O)c(=O)[nH]1
43,57.375340,C7Q4Y6,D-inositol 3-phosphate glycosyltransferase 1,Catenulispora acidiphila (strain DSM 44928 / JCM 14897 / NBRC 102108 / NRRL B-24433 / ID139908) OX=479433,16,MNXR113049,-,2.4.1.250,3.0,0.0,0.63531,0.838197,1,0.736754,33.8,33.3,12.2,24.6,43698.01,6.8485,34.928,*O[C@@H]1O[C@H](CO)[C@@H](O[C@@H]2O[C@H](CO)[C@H](O)[C@H](O[C@@H]3O[C@H](CO)[C@@H](O)[C@H](O)[C@H]3NC(C)=O)[C@H]2O)[C@H](O)[C@H]1NC(C)=O.O=c1ccn([C@@H]2O[C@H](COP(=O)([O-])OP(=O)([O-])[O-])[C@@H](O)[C@H]2O)c(=O)[nH]1>>*O[C@@H]1O[C@H](CO)[C@@H](O[C@@H]2O[C@H](CO)[C@H](O)[C@H](O)[C@H]2O)[C@H](O)[C@H]1NC(C)=O.CC(=O)N[C@H]1[C@@H](OP(=O)([O-])OP(=O)([O-])OC[C@H]2O[C@@H](n3ccc(=O)[nH]c3=O)[C@H](O)[C@@H]2O)O[C@H](CO)[C@@H](O)[C@@H]1O,CC(=O)N[C@H]1[C@@H](OP(=O)([O-])OP(=O)([O-])OC[C@H]2O[C@@H](n3ccc(=O)[nH]c3=O)[C@H](O)[C@@H]2O)O[C@H](CO)[C@@H](O)[C@@H]1O.O=P([O-])([O-])O[C@H]1[C@@H](O)[C@@H](O)[C@H](O)[C@@H](O)[C@@H]1O>>CC(=O)N[C@H]1[C@@H](O[C@@H]2[C@H](O)[C@H](OP(=O)([O-])[O-])[C@@H](O)[C@H](O)[C@H]2O)O[C@H](CO)[C@@H](O)[C@@H]1O.[H+].O=c1ccn([C@@H]2O[C@H](COP(=O)([O-])OP(=O)([O-])[O-])[C@@H](O)[C@H]2O)c(=O)[nH]1
44,57.375340,A4X1R6,D-inositol 3-phosphate glycosyltransferase,Salinispora tropica (strain ATCC BAA-916 / DSM 44818 / JCM 13857 / NBRC 105044 / CNB-440) OX=369723,16,MNXR113049,-,2.4.1.250,3.0,0.0,0.63531,0.838197,1,0.736754,41.2,21.9,17.4,23.0,51685.91,7.2449,39.419,*O[C@@H]1O[C@H](CO)[C@@H](O[C@@H]2O[C@H](CO)[C@H](O)[C@H](O[C@@H]3O[C@H](CO)[C@@H](O)[C@H](O)[C@H]3NC(C)=O)[C@H]2O)[C@H](O)[C@H]1NC(C)=O.O=c1ccn([C@@H]2O[C@H](COP(=O)([O-])OP(=O)([O-])[O-])[C@@H](O)[C@H]2O)c(=O)[nH]1>>*O[C@@H]1O[C@H](CO)[C@@H](O[C@@H]2O[C@H](CO)[C@H](O)[C@H](O)[C@H]2O)[C@H](O)[C@H]1NC(C)=O.CC(=O)N[C@H]1[C@@H](OP(=O)([O-])OP(=O)([O-])OC[C@H]2O[C@@H](n3ccc(=O)[nH]c3=O)[C@H](O)[C@@H]2O)O[C@H](CO)[C@@H](O)[C@@H]1O,CC(=O)N[C@H]1[C@@H](OP(=O)([O-])OP(=O)([O-])OC[C@H]2O[C@@H](n3ccc(=O)[nH]c3=O)[C@H](O)[C@@H]2O)O[C@H](CO)[C@@H](O)[C@@H]1O.O=P([O-])([O-])O[C@H]1[C@@H](O)[C@@H](O)[C@H](O)[C@@H](O)[C@@H]1O>>CC(=O)N[C@H]1[C@@H](O[C@@H]2[C@H](O)[C@H](OP(=O)([O-])[O-])[C@@H](O)[C@H](O)[C@H]2O)O[C@H](CO)[C@@H](O)[C@@H]1O.[H+].O=c1ccn([C@@H]2O[C@H](COP(=O)([O-])OP(=O)([O-])[O-])[C@@H](O)[C@H]2O)c(=O)[nH]1
45,57.375340,A0JZ09,D-inositol 3-phosphate glycosyltransferase,Arthrobacter sp. (strain FB24) OX=290399,16,MNXR113049,-,2.4.1.250,3.0,0.0,0.63531,0.838197,1,0.736754,39.3,23.0,17.5,24.2,45442.87,7.0646,40.855,*O[C@@H]1O[C@H](CO)[C@@H](O[C@@H]2O[C@H](CO)[C@H](O)[C@H](O[C@@H]3O[C@H](CO)[C@@H](O)[C@H](O)[C@H]3NC(C)=O)[C@H]2O)[C@H](O)[C@H]1NC(C)=O.O=c1ccn([C@@H]2O[C@H](COP(=O)([O-])OP(=O)([O-])[O-])[C@@H](O)[C@H]2O)c(=O)[nH]1>>*O[C@@H]1O[C@H](CO)[C@@H](O[C@@H]2O[C@H](CO)[C@H](O)[C@H](O)[C@H]2O)[C@H](O)[C@H]1NC(C)=O.CC(=O)N[C@H]1[C@@H](OP(=O)([O-])OP(=O)([O-])OC[C@H]2O[C@@H](n3ccc(=O)[nH]c3=O)[C@H](O)[C@@H]2O)O[C@H](CO)[C@@H](O)[C@@H]1O,CC(=O)N[C@H]1[C@@H](OP(=O)([O-])OP(=O)([O-])OC[C@H]2O[C@@H](n3ccc(=O)[nH]c3=O)[C@H](O)[C@@H]2O)O[C@H](CO)[C@@H](O)[C@@H]1O.O=P([O-])([O-])O[C@H]1[C@@H](O)[C@@H](O)[C@H](O)[C@@H](O)[C@@H]1O>>CC(=O)N[C@H]1[C@@H](O[C@@H]2[C@H](O)[C@H](OP(=O)([O-])[O-])[C@@H](O)[C@H](O)[C@H]2O)O[C@H](CO)[C@@H](O)[C@@H]1O.[H+].O=c1ccn([C@@H]2O[C@H](COP(=O)([O-])OP(=O)([O-])[O-])[C@@H](O)[C@H]2O)c(=O)[nH]1
46,57.375340,Q1BEA6,D-inositol 3-phosphate glycosyltransferase,Mycobacterium sp. (strain MCS) OX=164756,16,MNXR113049,-,2.4.1.250,3.0,0.0,0.63531,0.838197,1,0.736754,36.9,27.7,16.8,22.5,46761.92,6.3486,39.863,*O[C@@H]1O[C@H](CO)[C@@H](O[C@@H]2O[C@H](CO)[C@H](O)[C@H](O[C@@H]3O[C@H](CO)[C@@H](O)[C@H](O)[C@H]3NC(C)=O)[C@H]2O)[C@H](O)[C@H]1NC(C)=O.O=c1ccn([C@@H]2O[C@H](COP(=O)([O-])OP(=O)([O-])[O-])[C@@H](O)[C@H]2O)c(=O)[nH]1>>*O[C@@H]1O[C@H](CO)[C@@H](O[C@@H]2O[C@H](CO)[C@H](O)[C@H](O)[C@H]2O)[C@H](O)[C@H]1NC(C)=O.CC(=O)N[C@H]1[C@@H](OP(=O)([O-])OP(=O)([O-])OC[C@H]2O[C@@H](n3ccc(=O)[nH]c3=O)[C@H](O)[C@@H]2O)O[C@H](CO)[C@@H](O)[C@@H]1O,CC(=O)N[C@H]1[C@@H](OP(=O)([O-])OP(=O)([O-])OC[C@H]2O[C@@H](n3ccc(=O)[nH]c3=O)[C@H](O)[C@@H]2O)O[C@H](CO)[C@@H](O)[C@@H]1O.O=P([O-])([O-])O[C@H]1[C@@H](O)[C@@H](O)[C@H](O)[C@@H](O)[C@@H]1O>>CC(=O)N[C@H]1[C@@H](O[C@@H]2[C@H](O)[C@H](OP(=O)([O-])[O-])[C@@H](O)[C@H](O)[C@H]2O)O[C@H](CO)[C@@H](O)[C@@H]1O.[H+].O=c1ccn([C@@H]2O[C@H](COP(=O)([O-])OP(=O)([O-])[O-])[C@@H](O)[C@H]2O)c(=O)[nH]1
47,57.375340,D2B9F4,D-inositol 3-phosphate glycosyltransferase,Streptosporangium roseum (strain ATCC 12428 / DSM 43021 / JCM 3005 / NI 9100) OX=479432,16,MNXR113049,-,2.4.1.250,3.0,0.0,0.63531,0.838197,1,0.736754,33.4,29.8,15.0,25.5,46351.92,6.6316,38.161,*O[C@@H]1O[C@H](CO)[C@@H](O[C@@H]2O[C@H](CO)[C@H](O)[C@H](O[C@@H]3O[C@H](CO)[C@@H](O)[C@H](O)[C@H]3NC(C)=O)[C@H]2O)[C@H](O)[C@H]1NC(C)=O.O=c1ccn([C@@H]2O[C@H](COP(=O)([O-])OP(=O)([O-])[O-])[C@@H](O)[C@H]2O)c(=O)[nH]1>>*O[C@@H]1O[C@H](CO)[C@@H](O[C@@H]2O[C@H](CO)[C@H](O)[C@H](O)[C@H]2O)[C@H](O)[C@H]1NC(C)=O.CC(=O)N[C@H]1[C@@H](OP(=O)([O-])OP(=O)([O-])OC[C@H]2O[C@@H](n3ccc(=O)[nH]c3=O)[C@H](O)[C@@H]2O)O[C@H](CO)[C@@H](O)[C@@H]1O,CC(=O)N[C@H]1[C@@H](OP(=O)([O-])OP(=O)([O-])OC[C@H]2O[C@@H](n3ccc(=O)[nH]c3=O)[C@H](O)[C@@H]2O)O[C@H](CO)[C@@H](O)[C@@H]1O.O=P([O-])([O-])O[C@H]1[C@@H](O)[C@@H](O)[C@H](O)[C@@H](O)[C@@H]1O>>CC(=O)N[C@H]1[C@@H](O[C@@H]2[C@H](O)[C@H](OP(=O)([O-])[O-])[C@@H](O)[C@H](O)[C@H]2O)O[C@H](CO)[C@@H](O)[C@@H]1O.[H+].O=c1ccn([C@@H]2O[C@H](COP(=O)([O-])OP(=O)([O-])[O-])[C@@H](O)[C@H]2O)c(=O)[nH]1
48,57.375340,D6Z995,D-inositol 3-phosphate glycosyltransferase,Segniliparus rotundus (strain ATCC BAA-972 / CDC 1076 / CIP 108378 / DSM 44985 / JCM 13578) OX=640132,16,MNXR113049,-,2.4.1.250,3.0,0.0,0.63531,0.838197,1,0.736754,38.1,28.9,13.9,22.9,47074.99,6.9117,35.189,*O[C@@H]1O[C@H](CO)[C@@H](O[C@@H]2O[C@H](CO)[C@H](O)[C@H](O[C@@H]3O[C@H](CO)[C@@H](O)[C@H](O)[C@H]3NC(C)=O)[C@H]2O)[C@H](O)[C@H]1NC(C)=O.O=c1ccn([C@@H]2O[C@H](COP(=O)([O-])OP(=O)([O-])[O-])[C@@H](O)[C@H]2O)c(=O)[nH]1>>*O[C@@H]1O[C@H](CO)[C@@H](O[C@@H]2O[C@H](CO)[C@H](O)[C@H](O)[C@H]2O)[C@H](O)[C@H]1NC(C)=O.CC(=O)N[C@H]1[C@@H](OP(=O)([O-])OP(=O)([O-])OC[C@H]2O[C@@H](n3ccc(=O)[nH]c3=O)[C@H](O)[C@@H]2O)O[C@H](CO)[C@@H](O)[C@@H]1O,CC(=O)N[C@H]1[C@@H](OP(=O)([O-])OP(=O)([O-])OC[C@H]2O[C@@H](n3ccc(=O)[nH]c3=O)[C@H](O)[C@@H]2O)O[C@H](CO)[C@@H](O)[C@@H]1O.O=P([O-])([O-])O[C@H]1[C@@H](O)[C@@H](O)[C@H](O)[C@@H](O)[C@@H]1O>>CC(=O)N[C@H]1[C@@H](O[C@@H]2[C@H](O)[C@H](OP(=O)([O-])[O-])[C@@H](O)[C@H](O)[C@H]2O)O[C@H](CO)[C@@H](O)[C@@H]1O.[H+].O=c1ccn([C@@H]2O[C@H](COP(=O)([O-])OP(=O)([O-])[O-])[C@@H](O)[C@H]2O)c(=O)[nH]1
49,57.375340,D7C367,D-inositol 3-phosphate glycosyltransferase,Streptomyces bingchenggensis (strain BCW-1) OX=749414,16,MNXR113049,-,2.4.1.250,3.0,0.0,0.63531,0.838197,1,0.736754,41.9,21.9,14.4,25.5,48982.01,8.4898,37.363,*O[C@@H]1O[C@H](CO)[C@@H](O[C@@H]2O[C@H](CO)[C@H](O)[C@H](O[C@@H]3O[C@H](CO)[C@@H](O)[C@H](O)[C@H]3NC(C)=O)[C@H]2O)[C@H](O)[C@H]1NC(C)=O.O=c1ccn([C@@H]2O[C@H](COP(=O)([O-])OP(=O)([O-])[O-])[C@@H](O)[C@H]2O)c(=O)[nH]1>>*O[C@@H]1O[C@H](CO)[C@@H](O[C@@H]2O[C@H](CO)[C@H](O)[C@H](O)[C@H]2O)[C@H](O)[C@H]1NC(C)=O.CC(=O)N[C@H]1[C@@H](OP(=O)([O-])OP(=O)([O-])OC[C@H]2O[C@@H](n3ccc(=O)[nH]c3=O)[C@H](O)[C@@H]2O)O[C@H](CO)[C@@H](O)[C@@H]1O,CC(=O)N[C@H]1[C@@H](OP(=O)([O-])OP(=O)([O-])OC[C@H]2O[C@@H](n3ccc(=O)[nH]c3=O)[C@H](O)[C@@H]2O)O[C@H](CO)[C@@H](O)[C@@H]1O.O=P([O-])([O-])O[C@H]1[C@@H](O)[C@@H](O)[C@H](O)[C@@H](O)[C@@H]1O>>CC(=O)N[C@H]1[C@@H](O[C@@H]2[C@H](O)[C@H](OP(=O)([O-])[O-])[C@@H](O)[C@H](O)[C@H]2O)O[C@H](CO)[C@@H](O)[C@@H]1O.[H+].O=c1ccn([C@@H]2O[C@H](COP(=O)([O-])OP(=O)([O-])[O-])[C@@H](O)[C@H]2O)c(=O)[nH]1
50,57.375340,B8ZT88,D-inositol 3-phosphate glycosyltransferase,Mycobacterium leprae (strain Br4923) OX=561304,16,MNXR113049,-,2.4.1.250,3.0,0.0,0.63531,0.838197,1,0.736754,33.7,30.8,16.0,23.3,45291.73,7.8490,36.682,*O[C@@H]1O[C@H](CO)[C@@H](O[C@@H]2O[C@H](CO)[C@H](O)[C@H](O[C@@H]3O[C@H](CO)[C@@H](O)[C@H](O)[C@H]3NC(C)=O)[C@H]2O)[C@H](O)[C@H]1NC(C)=O.O=c1ccn([C@@H]2O[C@H](COP(=O)([O-])OP(=O)([O-])[O-])[C@@H](O)[C@H]2O)c(=O)[nH]1>>*O[C@@H]1O[C@H](CO)[C@@H](O[C@@H]2O[C@H](CO)[C@H](O)[C@H](O)[C@H]2O)[C@H](O)[C@H]1NC(C)=O.CC(=O)N[C@H]1[C@@H](OP(=O)([O-])OP(=O)([O-])OC[C@H]2O[C@@H](n3ccc(=O)[nH]c3=O)[C@H](O)[C@@H]2O)O[C@H](CO)[C@@H](O)[C@@H]1O,CC(=O)N[C@H]1[C@@H](OP(=O)([O-])OP(=O)([O-])OC[C@H]2O[C@@H](n3ccc(=O)[nH]c3=O)[C@H](O)[C@@H]2O)O[C@H](CO)[C@@H](O)[C@@H]1O.O=P([O-])([O-])O[C@H]1[C@@H](O)[C@@H](O)[C@H](O)[C@@H](O)[C@@H]1O>>CC(=O)N[C@H]1[C@@H](O[C@@H]2[C@H](O)[C@H](OP(=O)([O-])[O-])[C@@H](O)[C@H](O)[C@H]2O)O[C@H](CO)[C@@H](O)[C@@H]1O.[H+].O=c1ccn([C@@H]2O[C@H](COP(=O)([O-])OP(=O)([O-])[O-])[C@@H](O)[C@H]2O)c(=O)[nH]1
51,57.375340,A6W6D9,D-inositol 3-phosphate glycosyltransferase,Kineococcus radiotolerans (strain ATCC BAA-149 / DSM 14245 / SRS30216) OX=266940,16,MNXR113049,-,2.4.1.250,3.0,0.0,0.63531,0.838197,1,0.736754,45.1,21.5,12.4,24.8,46114.21,6.7121,39.540,*O[C@@H]1O[C@H](CO)[C@@H](O[C@@H]2O[C@H](CO)[C@H](O)[C@H](O[C@@H]3O[C@H](CO)[C@@H](O)[C@H](O)[C@H]3NC(C)=O)[C@H]2O)[C@H](O)[C@H]1NC(C)=O.O=c1ccn([C@@H]2O[C@H](COP(=O)([O-])OP(=O)([O-])[O-])[C@@H](O)[C@H]2O)c(=O)[nH]1>>*O[C@@H]1O[C@H](CO)[C@@H](O[C@@H]2O[C@H](CO)[C@H](O)[C@H](O)[C@H]2O)[C@H](O)[C@H]1NC(C)=O.CC(=O)N[C@H]1[C@@H](OP(=O)([O-])OP(=O)([O-])OC[C@H]2O[C@@H](n3ccc(=O)[nH]c3=O)[C@H](O)[C@@H]2O)O[C@H](CO)[C@@H](O)[C@@H]1O,CC(=O)N[C@H]1[C@@H](OP(=O)([O-])OP(=O)([O-])OC[C@H]2O[C@@H](n3ccc(=O)[nH]c3=O)[C@H](O)[C@@H]2O)O[C@H](CO)[C@@H](O)[C@@H]1O.O=P([O-])([O-])O[C@H]1[C@@H](O)[C@@H](O)[C@H](O)[C@@H](O)[C@@H]1O>>CC(=O)N[C@H]1[C@@H](O[C@@H]2[C@H](O)[C@H](OP(=O)([O-])[O-])[C@@H](O)[C@H](O)[C@H]2O)O[C@H](CO)[C@@H](O)[C@@H]1O.[H+].O=c1ccn([C@@H]2O[C@H](COP(=O)([O-])OP(=O)([O-])[O-])[C@@H](O)[C@H]2O)c(=O)[nH]1
52,57.375340,D5USX8,D-inositol 3-phosphate glycosyltransferase,Tsukamurella paurometabola (strain ATCC 8368 / DSM 20162 / CCUG 35730 / CIP 100753 / JCM 10117 / KCTC 9821 / NBRC 16120 / NCIMB 702349 / NCTC 13040) OX=521096,16,MNXR113049,-,2.4.1.250,3.0,0.0,0.63531,0.838197,1,0.736754,44.8,23.5,14.0,21.6,46636.81,5.7833,39.726,*O[C@@H]1O[C@H](CO)[C@@H](O[C@@H]2O[C@H](CO)[C@H](O)[C@H](O[C@@H]3O[C@H](CO)[C@@H](O)[C@H](O)[C@H]3NC(C)=O)[C@H]2O)[C@H](O)[C@H]1NC(C)=O.O=c1ccn([C@@H]2O[C@H](COP(=O)([O-])OP(=O)([O-])[O-])[C@@H](O)[C@H]2O)c(=O)[nH]1>>*O[C@@H]1O[C@H](CO)[C@@H](O[C@@H]2O[C@H](CO)[C@H](O)[C@H](O)[C@H]2O)[C@H](O)[C@H]1NC(C)=O.CC(=O)N[C@H]1[C@@H](OP(=O)([O-])OP(=O)([O-])OC[C@H]2O[C@@H](n3ccc(=O)[nH]c3=O)[C@H](O)[C@@H]2O)O[C@H](CO)[C@@H](O)[C@@H]1O,CC(=O)N[C@H]1[C@@H](OP(=O)([O-])OP(=O)([O-])OC[C@H]2O[C@@H](n3ccc(=O)[nH]c3=O)[C@H](O)[C@@H]2O)O[C@H](CO)[C@@H](O)[C@@H]1O.O=P([O-])([O-])O[C@H]1[C@@H](O)[C@@H](O)[C@H](O)[C@@H](O)[C@@H]1O>>CC(=O)N[C@H]1[C@@H](O[C@@H]2[C@H](O)[C@H](OP(=O)([O-])[O-])[C@@H](O)[C@H](O)[C@H]2O)O[C@H](CO)[C@@H](O)[C@@H]1O.[H+].O=c1ccn([C@@H]2O[C@H](COP(=O)([O-])OP(=O)([O-])[O-])[C@@H](O)[C@H]2O)c(=O)[nH]1
53,57.375340,C7MSY6,D-inositol 3-phosphate glycosyltransferase,Saccharomonospora viridis (strain ATCC 15386 / DSM 43017 / JCM 3036 / NBRC 12207 / P101) OX=471857,16,MNXR113049,-,2.4.1.250,3.0,0.0,0.63531,0.838197,1,0.736754,36.1,25.3,15.9,26.5,46260.74,6.4354,39.211,*O[C@@H]1O[C@H](CO)[C@@H](O[C@@H]2O[C@H](CO)[C@H](O)[C@H](O[C@@H]3O[C@H](CO)[C@@H](O)[C@H](O)[C@H]3NC(C)=O)[C@H]2O)[C@H](O)[C@H]1NC(C)=O.O=c1ccn([C@@H]2O[C@H](COP(=O)([O-])OP(=O)([O-])[O-])[C@@H](O)[C@H]2O)c(=O)[nH]1>>*O[C@@H]1O[C@H](CO)[C@@H](O[C@@H]2O[C@H](CO)[C@H](O)[C@H](O)[C@H]2O)[C@H](O)[C@H]1NC(C)=O.CC(=O)N[C@H]1[C@@H](OP(=O)([O-])OP(=O)([O-])OC[C@H]2O[C@@H](n3ccc(=O)[nH]c3=O)[C@H](O)[C@@H]2O)O[C@H](CO)[C@@H](O)[C@@H]1O,CC(=O)N[C@H]1[C@@H](OP(=O)([O-])OP(=O)([O-])OC[C@H]2O[C@@H](n3ccc(=O)[nH]c3=O)[C@H](O)[C@@H]2O)O[C@H](CO)[C@@H](O)[C@@H]1O.O=P([O-])([O-])O[C@H]1[C@@H](O)[C@@H](O)[C@H](O)[C@@H](O)[C@@H]1O>>CC(=O)N[C@H]1[C@@H](O[C@@H]2[C@H](O)[C@H](OP(=O)([O-])[O-])[C@@H](O)[C@H](O)[C@H]2O)O[C@H](CO)[C@@H](O)[C@@H]1O.[H+].O=c1ccn([C@@H]2O[C@H](COP(=O)([O-])OP(=O)([O-])[O-])[C@@H](O)[C@H]2O)c(=O)[nH]1
54,57.375340,C1AZ64,D-inositol 3-phosphate glycosyltransferase,Rhodococcus opacus (strain B4) OX=632772,16,MNXR113049,-,2.4.1.250,3.0,0.0,0.63531,0.838197,1,0.736754,32.3,29.3,16.3,25.8,47502.61,6.5178,40.359,*O[C@@H]1O[C@H](CO)[C@@H](O[C@@H]2O[C@H](CO)[C@H](O)[C@H](O[C@@H]3O[C@H](CO)[C@@H](O)[C@H](O)[C@H]3NC(C)=O)[C@H]2O)[C@H](O)[C@H]1NC(C)=O.O=c1ccn([C@@H]2O[C@H](COP(=O)([O-])OP(=O)([O-])[O-])[C@@H](O)[C@H]2O)c(=O)[nH]1>>*O[C@@H]1O[C@H](CO)[C@@H](O[C@@H]2O[C@H](CO)[C@H](O)[C@H](O)[C@H]2O)[C@H](O)[C@H]1NC(C)=O.CC(=O)N[C@H]1[C@@H](OP(=O)([O-])OP(=O)([O-])OC[C@H]2O[C@@H](n3ccc(=O)[nH]c3=O)[C@H](O)[C@@H]2O)O[C@H](CO)[C@@H](O)[C@@H]1O,CC(=O)N[C@H]1[C@@H](OP(=O)([O-])OP(=O)([O-])OC[C@H]2O[C@@H](n3ccc(=O)[nH]c3=O)[C@H](O)[C@@H]2O)O[C@H](CO)[C@@H](O)[C@@H]1O.O=P([O-])([O-])O[C@H]1[C@@H](O)[C@@H](O)[C@H](O)[C@@H](O)[C@@H]1O>>CC(=O)N[C@H]1[C@@H](O[C@@H]2[C@H](O)[C@H](OP(=O)([O-])[O-])[C@@H](O)[C@H](O)[C@H]2O)O[C@H](CO)[C@@H](O)[C@@H]1O.[H+].O=c1ccn([C@@H]2O[C@H](COP(=O)([O-])OP(=O)([O-])[O-])[C@@H](O)[C@H]2O)c(=O)[nH]1
55,57.375340,C7QKE8,D-inositol 3-phosphate glycosyltransferase 2,Catenulispora acidiphila (strain DSM 44928 / JCM 14897 / NBRC 102108 / NRRL B-24433 / ID139908) OX=479433,16,MNXR113049,-,2.4.1.250,3.0,0.0,0.63531,0.838197,1,0.736754,40.6,26.0,13.9,23.4,45404.57,6.0584,38.407,*O[C@@H]1O[C@H](CO)[C@@H](O[C@@H]2O[C@H](CO)[C@H](O)[C@H](O[C@@H]3O[C@H](CO)[C@@H](O)[C@H](O)[C@H]3NC(C)=O)[C@H]2O)[C@H](O)[C@H]1NC(C)=O.O=c1ccn([C@@H]2O[C@H](COP(=O)([O-])OP(=O)([O-])[O-])[C@@H](O)[C@H]2O)c(=O)[nH]1>>*O[C@@H]1O[C@H](CO)[C@@H](O[C@@H]2O[C@H](CO)[C@H](O)[C@H](O)[C@H]2O)[C@H](O)[C@H]1NC(C)=O.CC(=O)N[C@H]1[C@@H](OP(=O)([O-])OP(=O)([O-])OC[C@H]2O[C@@H](n3ccc(=O)[nH]c3=O)[C@H](O)[C@@H]2O)O[C@H](CO)[C@@H](O)[C@@H]1O,CC(=O)N[C@H]1[C@@H](OP(=O)([O-])OP(=O)([O-])OC[C@H]2O[C@@H](n3ccc(=O)[nH]c3=O)[C@H](O)[C@@H]2O)O[C@H](CO)[C@@H](O)[C@@H]1O.O=P([O-])([O-])O[C@H]1[C@@H](O)[C@@H](O)[C@H](O)[C@@H](O)[C@@H]1O>>CC(=O)N[C@H]1[C@@H](O[C@@H]2[C@H](O)[C@H](OP(=O)([O-])[O-])[C@@H](O)[C@H](O)[C@H]2O)O[C@H](CO)[C@@H](O)[C@@H]1O.[H+].O=c1ccn([C@@H]2O[C@H](COP(=O)([O-])OP(=O)([O-])[O-])[C@@H](O)[C@H]2O)c(=O)[nH]1
56,57.375340,D3Q051,D-inositol 3-phosphate glycosyltransferase,Stackebrandtia nassauensis (strain DSM 44728 / CIP 108903 / NRRL B-16338 / NBRC 102104 / LLR-40K-21) OX=446470,16,MNXR113049,-,2.4.1.250,3.0,0.0,0.63531,0.838197,1,0.736754,33.5,24.6,15.0,30.7,47134.47,7.2238,40.181,*O[C@@H]1O[C@H](CO)[C@@H](O[C@@H]2O[C@H](CO)[C@H](O)[C@H](O[C@@H]3O[C@H](CO)[C@@H](O)[C@H](O)[C@H]3NC(C)=O)[C@H]2O)[C@H](O)[C@H]1NC(C)=O.O=c1ccn([C@@H]2O[C@H](COP(=O)([O-])OP(=O)([O-])[O-])[C@@H](O)[C@H]2O)c(=O)[nH]1>>*O[C@@H]1O[C@H](CO)[C@@H](O[C@@H]2O[C@H](CO)[C@H](O)[C@H](O)[C@H]2O)[C@H](O)[C@H]1NC(C)=O.CC(=O)N[C@H]1[C@@H](OP(=O)([O-])OP(=O)([O-])OC[C@H]2O[C@@H](n3ccc(=O)[nH]c3=O)[C@H](O)[C@@H]2O)O[C@H](CO)[C@@H](O)[C@@H]1O,CC(=O)N[C@H]1[C@@H](OP(=O)([O-])OP(=O)([O-])OC[C@H]2O[C@@H](n3ccc(=O)[nH]c3=O)[C@H](O)[C@@H]2O)O[C@H](CO)[C@@H](O)[C@@H]1O.O=P([O-])([O-])O[C@H]1[C@@H](O)[C@@H](O)[C@H](O)[C@@H](O)[C@@H]1O>>CC(=O)N[C@H]1[C@@H](O[C@@H]2[C@H](O)[C@H](OP(=O)([O-])[O-])[C@@H](O)[C@H](O)[C@H]2O)O[C@H](CO)[C@@H](O)[C@@H]1O.[H+].O=c1ccn([C@@H]2O[C@H](COP(=O)([O-])OP(=O)([O-])[O-])[C@@H](O)[C@H]2O)c(=O)[nH]1
57,57.276692,Q9IZK2,Beta-1;3-galactosyl-O-glycosyl-glycoprotein beta-1;6-N-acetylglucosaminyltransferase,Bovine herpesvirus 4 (strain V. test) OX=436507,22,MNXR147825,MNXR147826_0.8870528923697143_0.7004838444515933|MNXR165876_0.8870528923697143_0.7004838444515933|MNXR148807_0.7552431733624011_0.7004838444515933|MNXR148808_0.7552431733624011_0.7004838444515933|MNXR174058_0.7552431733624011_0.7004838444515933|MNXR153246_0.7296983980640462_0.7004838444515933|MNXR174085_0.7213110869998675_0.7004838444515933|MNXR151423_0.716094973813547_0.7004838444515933|MNXR153247_0.7030371293838377_0.7004838444515933|MNXR183675_0.7030371293838377_0.7004838444515933|MNXR151422_0.6943838930206868_0.7004838444515933,2.4.1.150,1.0,0.0,0.88705,0.700484,1,0.793768,39.9,21.5,25.9,16.5,50701.69,8.4503,45.227,*O[C@@H]1O[C@H](CO)[C@@H](O[C@@H]2O[C@H](CO)[C@H](O)[C@H](O[C@@H]3O[C@H](CO)[C@@H](O)[C@H](O)[C@H]3NC(C)=O)[C@H]2O)[C@H](O)[C@H]1NC(C)=O.O=c1ccn([C@@H]2O[C@H](COP(=O)([O-])OP(=O)([O-])[O-])[C@@H](O)[C@H]2O)c(=O)[nH]1>>*O[C@@H]1O[C@H](CO)[C@@H](O[C@@H]2O[C@H](CO)[C@H](O)[C@H](O)[C@H]2O)[C@H](O)[C@H]1NC(C)=O.CC(=O)N[C@H]1[C@@H](OP(=O)([O-])OP(=O)([O-])OC[C@H]2O[C@@H](n3ccc(=O)[nH]c3=O)[C@H](O)[C@@H]2O)O[C@H](CO)[C@@H](O)[C@@H]1O,CC(=O)N[C@H]1[C@@H](OP(=O)([O-])OP(=O)([O-])OC[C@H]2O[C@@H](n3ccc(=O)[nH]c3=O)[C@H](O)[C@@H]2O)O[C@H](CO)[C@@H](O)[C@@H]1O.CC(=O)N[C@H]1[C@H](O[*])O[C@H](CO)[C@@H](O[C@@H]2O[C@H](CO)[C@H](O)[C@H](O)[C@H]2O)[C@@H]1O>>CC(=O)N[C@H]1[C@H](O[*])O[C@H](CO)[C@@H](O[C@@H]2O[C@H](CO[C@@H]3O[C@H](CO)[C@@H](O)[C@H](O)[C@H]3NC(C)=O)[C@H](O)[C@H](O)[C@H]2O)[C@@H]1O.O=c1ccn([C@@H]2O[C@H](COP(=O)([O-])OP(=O)([O-])[O-])[C@@H](O)[C@H]2O)c(=O)[nH]1
58,57.276692,Q99CW3,Beta-1;3-galactosyl-O-glycosyl-glycoprotein beta-1;6-N-acetylglucosaminyltransferase,Bovine herpesvirus 4 (strain DN-599) OX=10355,22,MNXR147825,MNXR147826_0.8870528923697143_0.7004838444515933|MNXR165876_0.8870528923697143_0.7004838444515933|MNXR148807_0.7552431733624011_0.7004838444515933|MNXR148808_0.7552431733624011_0.7004838444515933|MNXR174058_0.7552431733624011_0.7004838444515933|MNXR153246_0.7296983980640462_0.7004838444515933|MNXR174085_0.7213110869998675_0.7004838444515933|MNXR151423_0.716094973813547_0.7004838444515933|MNXR153247_0.7030371293838377_0.7004838444515933|MNXR183675_0.7030371293838377_0.7004838444515933|MNXR151422_0.6943838930206868_0.7004838444515933,2.4.1.150,1.0,0.0,0.88705,0.700484,1,0.793768,39.6,20.5,27.1,16.5,50763.78,8.7471,45.455,*O[C@@H]1O[C@H](CO)[C@@H](O[C@@H]2O[C@H](CO)[C@H](O)[C@H](O[C@@H]3O[C@H](CO)[C@@H](O)[C@H](O)[C@H]3NC(C)=O)[C@H]2O)[C@H](O)[C@H]1NC(C)=O.O=c1ccn([C@@H]2O[C@H](COP(=O)([O-])OP(=O)([O-])[O-])[C@@H](O)[C@H]2O)c(=O)[nH]1>>*O[C@@H]1O[C@H](CO)[C@@H](O[C@@H]2O[C@H](CO)[C@H](O)[C@H](O)[C@H]2O)[C@H](O)[C@H]1NC(C)=O.CC(=O)N[C@H]1[C@@H](OP(=O)([O-])OP(=O)([O-])OC[C@H]2O[C@@H](n3ccc(=O)[nH]c3=O)[C@H](O)[C@@H]2O)O[C@H](CO)[C@@H](O)[C@@H]1O,CC(=O)N[C@H]1[C@@H](OP(=O)([O-])OP(=O)([O-])OC[C@H]2O[C@@H](n3ccc(=O)[nH]c3=O)[C@H](O)[C@@H]2O)O[C@H](CO)[C@@H](O)[C@@H]1O.CC(=O)N[C@H]1[C@H](O[*])O[C@H](CO)[C@@H](O[C@@H]2O[C@H](CO)[C@H](O)[C@H](O)[C@H]2O)[C@@H]1O>>CC(=O)N[C@H]1[C@H](O[*])O[C@H](CO)[C@@H](O[C@@H]2O[C@H](CO[C@@H]3O[C@H](CO)[C@@H](O)[C@H](O)[C@H]3NC(C)=O)[C@H](O)[C@H](O)[C@H]2O)[C@@H]1O.O=c1ccn([C@@H]2O[C@H](COP(=O)([O-])OP(=O)([O-])[O-])[C@@H](O)[C@H]2O)c(=O)[nH]1
59,57.276692,Q805R1,Beta-1;3-galactosyl-O-glycosyl-glycoprotein beta-1;6-N-acetylglucosaminyltransferase,Bovine herpesvirus 4 (strain LVR140) OX=436506,22,MNXR147825,MNXR147826_0.8870528923697143_0.7004838444515933|MNXR165876_0.8870528923697143_0.7004838444515933|MNXR148807_0.7552431733624011_0.7004838444515933|MNXR148808_0.7552431733624011_0.7004838444515933|MNXR174058_0.7552431733624011_0.7004838444515933|MNXR153246_0.7296983980640462_0.7004838444515933|MNXR174085_0.7213110869998675_0.7004838444515933|MNXR151423_0.716094973813547_0.7004838444515933|MNXR153247_0.7030371293838377_0.7004838444515933|MNXR183675_0.7030371293838377_0.7004838444515933|MNXR151422_0.6943838930206868_0.7004838444515933,2.4.1.150,1.0,0.0,0.88705,0.700484,1,0.793768,39.9,21.2,26.2,16.5,50719.72,8.4503,45.227,*O[C@@H]1O[C@H](CO)[C@@H](O[C@@H]2O[C@H](CO)[C@H](O)[C@H](O[C@@H]3O[C@H](CO)[C@@H](O)[C@H](O)[C@H]3NC(C)=O)[C@H]2O)[C@H](O)[C@H]1NC(C)=O.O=c1ccn([C@@H]2O[C@H](COP(=O)([O-])OP(=O)([O-])[O-])[C@@H](O)[C@H]2O)c(=O)[nH]1>>*O[C@@H]1O[C@H](CO)[C@@H](O[C@@H]2O[C@H](CO)[C@H](O)[C@H](O)[C@H]2O)[C@H](O)[C@H]1NC(C)=O.CC(=O)N[C@H]1[C@@H](OP(=O)([O-])OP(=O)([O-])OC[C@H]2O[C@@H](n3ccc(=O)[nH]c3=O)[C@H](O)[C@@H]2O)O[C@H](CO)[C@@H](O)[C@@H]1O,CC(=O)N[C@H]1[C@@H](OP(=O)([O-])OP(=O)([O-])OC[C@H]2O[C@@H](n3ccc(=O)[nH]c3=O)[C@H](O)[C@@H]2O)O[C@H](CO)[C@@H](O)[C@@H]1O.CC(=O)N[C@H]1[C@H](O[*])O[C@H](CO)[C@@H](O[C@@H]2O[C@H](CO)[C@H](O)[C@H](O)[C@H]2O)[C@@H]1O>>CC(=O)N[C@H]1[C@H](O[*])O[C@H](CO)[C@@H](O[C@@H]2O[C@H](CO[C@@H]3O[C@H](CO)[C@@H](O)[C@H](O)[C@H]3NC(C)=O)[C@H](O)[C@H](O)[C@H]2O)[C@@H]1O.O=c1ccn([C@@H]2O[C@H](COP(=O)([O-])OP(=O)([O-])[O-])[C@@H](O)[C@H]2O)c(=O)[nH]1
60,56.575340,P9WMY7,D-inositol 3-phosphate glycosyltransferase,Mycobacterium tuberculosis (strain ATCC 25618 / H37Rv) OX=83332,17,MNXR113049,-,2.4.1.250,1.0,0.0,0.63531,0.838197,1,0.736754,30.8,28.7,16.8,27.2,50541.37,7.8144,37.917,*O[C@@H]1O[C@H](CO)[C@@H](O[C@@H]2O[C@H](CO)[C@H](O)[C@H](O[C@@H]3O[C@H](CO)[C@@H](O)[C@H](O)[C@H]3NC(C)=O)[C@H]2O)[C@H](O)[C@H]1NC(C)=O.O=c1ccn([C@@H]2O[C@H](COP(=O)([O-])OP(=O)([O-])[O-])[C@@H](O)[C@H]2O)c(=O)[nH]1>>*O[C@@H]1O[C@H](CO)[C@@H](O[C@@H]2O[C@H](CO)[C@H](O)[C@H](O)[C@H]2O)[C@H](O)[C@H]1NC(C)=O.CC(=O)N[C@H]1[C@@H](OP(=O)([O-])OP(=O)([O-])OC[C@H]2O[C@@H](n3ccc(=O)[nH]c3=O)[C@H](O)[C@@H]2O)O[C@H](CO)[C@@H](O)[C@@H]1O,CC(=O)N[C@H]1[C@@H](OP(=O)([O-])OP(=O)([O-])OC[C@H]2O[C@@H](n3ccc(=O)[nH]c3=O)[C@H](O)[C@@H]2O)O[C@H](CO)[C@@H](O)[C@@H]1O.O=P([O-])([O-])O[C@H]1[C@@H](O)[C@@H](O)[C@H](O)[C@@H](O)[C@@H]1O>>CC(=O)N[C@H]1[C@@H](O[C@@H]2[C@H](O)[C@H](OP(=O)([O-])[O-])[C@@H](O)[C@H](O)[C@H]2O)O[C@H](CO)[C@@H](O)[C@@H]1O.[H+].O=c1ccn([C@@H]2O[C@H](COP(=O)([O-])OP(=O)([O-])[O-])[C@@H](O)[C@H]2O)c(=O)[nH]1
61,56.475340,Q9FCG5,D-inositol 3-phosphate glycosyltransferase,Streptomyces coelicolor (strain ATCC BAA-471 / A3(2) / M145) OX=100226,17,MNXR113049,-,2.4.1.250,2.0,0.0,0.63531,0.838197,1,0.736754,39.5,23.1,12.9,28.1,48863.89,10.1433,37.637,*O[C@@H]1O[C@H](CO)[C@@H](O[C@@H]2O[C@H](CO)[C@H](O)[C@H](O[C@@H]3O[C@H](CO)[C@@H](O)[C@H](O)[C@H]3NC(C)=O)[C@H]2O)[C@H](O)[C@H]1NC(C)=O.O=c1ccn([C@@H]2O[C@H](COP(=O)([O-])OP(=O)([O-])[O-])[C@@H](O)[C@H]2O)c(=O)[nH]1>>*O[C@@H]1O[C@H](CO)[C@@H](O[C@@H]2O[C@H](CO)[C@H](O)[C@H](O)[C@H]2O)[C@H](O)[C@H]1NC(C)=O.CC(=O)N[C@H]1[C@@H](OP(=O)([O-])OP(=O)([O-])OC[C@H]2O[C@@H](n3ccc(=O)[nH]c3=O)[C@H](O)[C@@H]2O)O[C@H](CO)[C@@H](O)[C@@H]1O,CC(=O)N[C@H]1[C@@H](OP(=O)([O-])OP(=O)([O-])OC[C@H]2O[C@@H](n3ccc(=O)[nH]c3=O)[C@H](O)[C@@H]2O)O[C@H](CO)[C@@H](O)[C@@H]1O.O=P([O-])([O-])O[C@H]1[C@@H](O)[C@@H](O)[C@H](O)[C@@H](O)[C@@H]1O>>CC(=O)N[C@H]1[C@@H](O[C@@H]2[C@H](O)[C@H](OP(=O)([O-])[O-])[C@@H](O)[C@H](O)[C@H]2O)O[C@H](CO)[C@@H](O)[C@@H]1O.[H+].O=c1ccn([C@@H]2O[C@H](COP(=O)([O-])OP(=O)([O-])[O-])[C@@H](O)[C@H]2O)c(=O)[nH]1
62,56.375340,A0QLK5,D-inositol 3-phosphate glycosyltransferase,Mycobacterium avium (strain 104) OX=243243,17,MNXR113049,-,2.4.1.250,3.0,0.0,0.63531,0.838197,1,0.736754,39.7,25.5,14.0,24.8,44616.72,6.4564,36.557,*O[C@@H]1O[C@H](CO)[C@@H](O[C@@H]2O[C@H](CO)[C@H](O)[C@H](O[C@@H]3O[C@H](CO)[C@@H](O)[C@H](O)[C@H]3NC(C)=O)[C@H]2O)[C@H](O)[C@H]1NC(C)=O.O=c1ccn([C@@H]2O[C@H](COP(=O)([O-])OP(=O)([O-])[O-])[C@@H](O)[C@H]2O)c(=O)[nH]1>>*O[C@@H]1O[C@H](CO)[C@@H](O[C@@H]2O[C@H](CO)[C@H](O)[C@H](O)[C@H]2O)[C@H](O)[C@H]1NC(C)=O.CC(=O)N[C@H]1[C@@H](OP(=O)([O-])OP(=O)([O-])OC[C@H]2O[C@@H](n3ccc(=O)[nH]c3=O)[C@H](O)[C@@H]2O)O[C@H](CO)[C@@H](O)[C@@H]1O,CC(=O)N[C@H]1[C@@H](OP(=O)([O-])OP(=O)([O-])OC[C@H]2O[C@@H](n3ccc(=O)[nH]c3=O)[C@H](O)[C@@H]2O)O[C@H](CO)[C@@H](O)[C@@H]1O.O=P([O-])([O-])O[C@H]1[C@@H](O)[C@@H](O)[C@H](O)[C@@H](O)[C@@H]1O>>CC(=O)N[C@H]1[C@@H](O[C@@H]2[C@H](O)[C@H](OP(=O)([O-])[O-])[C@@H](O)[C@H](O)[C@H]2O)O[C@H](CO)[C@@H](O)[C@@H]1O.[H+].O=c1ccn([C@@H]2O[C@H](COP(=O)([O-])OP(=O)([O-])[O-])[C@@H](O)[C@H]2O)c(=O)[nH]1
63,56.375340,C6DT68,D-inositol 3-phosphate glycosyltransferase,Mycobacterium tuberculosis (strain KZN 1435 / MDR) OX=478434,17,MNXR113049,-,2.4.1.250,3.0,0.0,0.63531,0.838197,1,0.736754,30.8,28.7,16.8,27.2,50541.37,7.8144,37.917,*O[C@@H]1O[C@H](CO)[C@@H](O[C@@H]2O[C@H](CO)[C@H](O)[C@H](O[C@@H]3O[C@H](CO)[C@@H](O)[C@H](O)[C@H]3NC(C)=O)[C@H]2O)[C@H](O)[C@H]1NC(C)=O.O=c1ccn([C@@H]2O[C@H](COP(=O)([O-])OP(=O)([O-])[O-])[C@@H](O)[C@H]2O)c(=O)[nH]1>>*O[C@@H]1O[C@H](CO)[C@@H](O[C@@H]2O[C@H](CO)[C@H](O)[C@H](O)[C@H]2O)[C@H](O)[C@H]1NC(C)=O.CC(=O)N[C@H]1[C@@H](OP(=O)([O-])OP(=O)([O-])OC[C@H]2O[C@@H](n3ccc(=O)[nH]c3=O)[C@H](O)[C@@H]2O)O[C@H](CO)[C@@H](O)[C@@H]1O,CC(=O)N[C@H]1[C@@H](OP(=O)([O-])OP(=O)([O-])OC[C@H]2O[C@@H](n3ccc(=O)[nH]c3=O)[C@H](O)[C@@H]2O)O[C@H](CO)[C@@H](O)[C@@H]1O.O=P([O-])([O-])O[C@H]1[C@@H](O)[C@@H](O)[C@H](O)[C@@H](O)[C@@H]1O>>CC(=O)N[C@H]1[C@@H](O[C@@H]2[C@H](O)[C@H](OP(=O)([O-])[O-])[C@@H](O)[C@H](O)[C@H]2O)O[C@H](CO)[C@@H](O)[C@@H]1O.[H+].O=c1ccn([C@@H]2O[C@H](COP(=O)([O-])OP(=O)([O-])[O-])[C@@H](O)[C@H]2O)c(=O)[nH]1
64,56.375340,P9WMY6,D-inositol 3-phosphate glycosyltransferase,Mycobacterium tuberculosis (strain CDC 1551 / Oshkosh) OX=83331,17,MNXR113049,-,2.4.1.250,3.0,0.0,0.63531,0.838197,1,0.736754,30.8,28.7,16.8,27.2,50541.37,7.8144,37.917,*O[C@@H]1O[C@H](CO)[C@@H](O[C@@H]2O[C@H](CO)[C@H](O)[C@H](O[C@@H]3O[C@H](CO)[C@@H](O)[C@H](O)[C@H]3NC(C)=O)[C@H]2O)[C@H](O)[C@H]1NC(C)=O.O=c1ccn([C@@H]2O[C@H](COP(=O)([O-])OP(=O)([O-])[O-])[C@@H](O)[C@H]2O)c(=O)[nH]1>>*O[C@@H]1O[C@H](CO)[C@@H](O[C@@H]2O[C@H](CO)[C@H](O)[C@H](O)[C@H]2O)[C@H](O)[C@H]1NC(C)=O.CC(=O)N[C@H]1[C@@H](OP(=O)([O-])OP(=O)([O-])OC[C@H]2O[C@@H](n3ccc(=O)[nH]c3=O)[C@H](O)[C@@H]2O)O[C@H](CO)[C@@H](O)[C@@H]1O,CC(=O)N[C@H]1[C@@H](OP(=O)([O-])OP(=O)([O-])OC[C@H]2O[C@@H](n3ccc(=O)[nH]c3=O)[C@H](O)[C@@H]2O)O[C@H](CO)[C@@H](O)[C@@H]1O.O=P([O-])([O-])O[C@H]1[C@@H](O)[C@@H](O)[C@H](O)[C@@H](O)[C@@H]1O>>CC(=O)N[C@H]1[C@@H](O[C@@H]2[C@H](O)[C@H](OP(=O)([O-])[O-])[C@@H](O)[C@H](O)[C@H]2O)O[C@H](CO)[C@@H](O)[C@@H]1O.[H+].O=c1ccn([C@@H]2O[C@H](COP(=O)([O-])OP(=O)([O-])[O-])[C@@H](O)[C@H]2O)c(=O)[nH]1
65,56.375340,A5TZL4,D-inositol 3-phosphate glycosyltransferase,Mycobacterium tuberculosis (strain ATCC 25177 / H37Ra) OX=419947,17,MNXR113049,-,2.4.1.250,3.0,0.0,0.63531,0.838197,1,0.736754,30.8,28.7,16.8,27.2,50541.37,7.8144,37.917,*O[C@@H]1O[C@H](CO)[C@@H](O[C@@H]2O[C@H](CO)[C@H](O)[C@H](O[C@@H]3O[C@H](CO)[C@@H](O)[C@H](O)[C@H]3NC(C)=O)[C@H]2O)[C@H](O)[C@H]1NC(C)=O.O=c1ccn([C@@H]2O[C@H](COP(=O)([O-])OP(=O)([O-])[O-])[C@@H](O)[C@H]2O)c(=O)[nH]1>>*O[C@@H]1O[C@H](CO)[C@@H](O[C@@H]2O[C@H](CO)[C@H](O)[C@H](O)[C@H]2O)[C@H](O)[C@H]1NC(C)=O.CC(=O)N[C@H]1[C@@H](OP(=O)([O-])OP(=O)([O-])OC[C@H]2O[C@@H](n3ccc(=O)[nH]c3=O)[C@H](O)[C@@H]2O)O[C@H](CO)[C@@H](O)[C@@H]1O,CC(=O)N[C@H]1[C@@H](OP(=O)([O-])OP(=O)([O-])OC[C@H]2O[C@@H](n3ccc(=O)[nH]c3=O)[C@H](O)[C@@H]2O)O[C@H](CO)[C@@H](O)[C@@H]1O.O=P([O-])([O-])O[C@H]1[C@@H](O)[C@@H](O)[C@H](O)[C@@H](O)[C@@H]1O>>CC(=O)N[C@H]1[C@@H](O[C@@H]2[C@H](O)[C@H](OP(=O)([O-])[O-])[C@@H](O)[C@H](O)[C@H]2O)O[C@H](CO)[C@@H](O)[C@@H]1O.[H+].O=c1ccn([C@@H]2O[C@H](COP(=O)([O-])OP(=O)([O-])[O-])[C@@H](O)[C@H]2O)c(=O)[nH]1
66,56.375340,B2HQV2,D-inositol 3-phosphate glycosyltransferase,Mycobacterium marinum (strain ATCC BAA-535 / M) OX=216594,17,MNXR113049,-,2.4.1.250,3.0,0.0,0.63531,0.838197,1,0.736754,38.4,25.8,14.9,24.4,49054.84,7.7822,38.197,*O[C@@H]1O[C@H](CO)[C@@H](O[C@@H]2O[C@H](CO)[C@H](O)[C@H](O[C@@H]3O[C@H](CO)[C@@H](O)[C@H](O)[C@H]3NC(C)=O)[C@H]2O)[C@H](O)[C@H]1NC(C)=O.O=c1ccn([C@@H]2O[C@H](COP(=O)([O-])OP(=O)([O-])[O-])[C@@H](O)[C@H]2O)c(=O)[nH]1>>*O[C@@H]1O[C@H](CO)[C@@H](O[C@@H]2O[C@H](CO)[C@H](O)[C@H](O)[C@H]2O)[C@H](O)[C@H]1NC(C)=O.CC(=O)N[C@H]1[C@@H](OP(=O)([O-])OP(=O)([O-])OC[C@H]2O[C@@H](n3ccc(=O)[nH]c3=O)[C@H](O)[C@@H]2O)O[C@H](CO)[C@@H](O)[C@@H]1O,CC(=O)N[C@H]1[C@@H](OP(=O)([O-])OP(=O)([O-])OC[C@H]2O[C@@H](n3ccc(=O)[nH]c3=O)[C@H](O)[C@@H]2O)O[C@H](CO)[C@@H](O)[C@@H]1O.O=P([O-])([O-])O[C@H]1[C@@H](O)[C@@H](O)[C@H](O)[C@@H](O)[C@@H]1O>>CC(=O)N[C@H]1[C@@H](O[C@@H]2[C@H](O)[C@H](OP(=O)([O-])[O-])[C@@H](O)[C@H](O)[C@H]2O)O[C@H](CO)[C@@H](O)[C@@H]1O.[H+].O=c1ccn([C@@H]2O[C@H](COP(=O)([O-])OP(=O)([O-])[O-])[C@@H](O)[C@H]2O)c(=O)[nH]1
67,56.375340,A0PVZ1,D-inositol 3-phosphate glycosyltransferase,Mycobacterium ulcerans (strain Agy99) OX=362242,17,MNXR113049,-,2.4.1.250,3.0,0.0,0.63531,0.838197,1,0.736754,39.8,24.8,14.1,24.8,48710.36,7.4777,38.445,*O[C@@H]1O[C@H](CO)[C@@H](O[C@@H]2O[C@H](CO)[C@H](O)[C@H](O[C@@H]3O[C@H](CO)[C@@H](O)[C@H](O)[C@H]3NC(C)=O)[C@H]2O)[C@H](O)[C@H]1NC(C)=O.O=c1ccn([C@@H]2O[C@H](COP(=O)([O-])OP(=O)([O-])[O-])[C@@H](O)[C@H]2O)c(=O)[nH]1>>*O[C@@H]1O[C@H](CO)[C@@H](O[C@@H]2O[C@H](CO)[C@H](O)[C@H](O)[C@H]2O)[C@H](O)[C@H]1NC(C)=O.CC(=O)N[C@H]1[C@@H](OP(=O)([O-])OP(=O)([O-])OC[C@H]2O[C@@H](n3ccc(=O)[nH]c3=O)[C@H](O)[C@@H]2O)O[C@H](CO)[C@@H](O)[C@@H]1O,CC(=O)N[C@H]1[C@@H](OP(=O)([O-])OP(=O)([O-])OC[C@H]2O[C@@H](n3ccc(=O)[nH]c3=O)[C@H](O)[C@@H]2O)O[C@H](CO)[C@@H](O)[C@@H]1O.O=P([O-])([O-])O[C@H]1[C@@H](O)[C@@H](O)[C@H](O)[C@@H](O)[C@@H]1O>>CC(=O)N[C@H]1[C@@H](O[C@@H]2[C@H](O)[C@H](OP(=O)([O-])[O-])[C@@H](O)[C@H](O)[C@H]2O)O[C@H](CO)[C@@H](O)[C@@H]1O.[H+].O=c1ccn([C@@H]2O[C@H](COP(=O)([O-])OP(=O)([O-])[O-])[C@@H](O)[C@H]2O)c(=O)[nH]1
68,56.375340,A5WJJ8,D-inositol 3-phosphate glycosyltransferase,Mycobacterium tuberculosis (strain F11) OX=336982,17,MNXR113049,-,2.4.1.250,3.0,0.0,0.63531,0.838197,1,0.736754,30.8,28.7,16.8,27.2,50541.37,7.8144,37.917,*O[C@@H]1O[C@H](CO)[C@@H](O[C@@H]2O[C@H](CO)[C@H](O)[C@H](O[C@@H]3O[C@H](CO)[C@@H](O)[C@H](O)[C@H]3NC(C)=O)[C@H]2O)[C@H](O)[C@H]1NC(C)=O.O=c1ccn([C@@H]2O[C@H](COP(=O)([O-])OP(=O)([O-])[O-])[C@@H](O)[C@H]2O)c(=O)[nH]1>>*O[C@@H]1O[C@H](CO)[C@@H](O[C@@H]2O[C@H](CO)[C@H](O)[C@H](O)[C@H]2O)[C@H](O)[C@H]1NC(C)=O.CC(=O)N[C@H]1[C@@H](OP(=O)([O-])OP(=O)([O-])OC[C@H]2O[C@@H](n3ccc(=O)[nH]c3=O)[C@H](O)[C@@H]2O)O[C@H](CO)[C@@H](O)[C@@H]1O,CC(=O)N[C@H]1[C@@H](OP(=O)([O-])OP(=O)([O-])OC[C@H]2O[C@@H](n3ccc(=O)[nH]c3=O)[C@H](O)[C@@H]2O)O[C@H](CO)[C@@H](O)[C@@H]1O.O=P([O-])([O-])O[C@H]1[C@@H](O)[C@@H](O)[C@H](O)[C@@H](O)[C@@H]1O>>CC(=O)N[C@H]1[C@@H](O[C@@H]2[C@H](O)[C@H](OP(=O)([O-])[O-])[C@@H](O)[C@H](O)[C@H]2O)O[C@H](CO)[C@@H](O)[C@@H]1O.[H+].O=c1ccn([C@@H]2O[C@H](COP(=O)([O-])OP(=O)([O-])[O-])[C@@H](O)[C@H]2O)c(=O)[nH]1
69,56.375340,D7AW65,D-inositol 3-phosphate glycosyltransferase,Nocardiopsis dassonvillei (strain ATCC 23218 / DSM 43111 / CIP 107115 / JCM 7437 / KCTC 9190 / NBRC 14626 / NCTC 10488 / NRRL B-5397 / IMRU 509) OX=446468,17,MNXR113049,-,2.4.1.250,3.0,0.0,0.63531,0.838197,1,0.736754,37.3,30.3,13.8,22.5,45874.31,6.5907,38.695,*O[C@@H]1O[C@H](CO)[C@@H](O[C@@H]2O[C@H](CO)[C@H](O)[C@H](O[C@@H]3O[C@H](CO)[C@@H](O)[C@H](O)[C@H]3NC(C)=O)[C@H]2O)[C@H](O)[C@H]1NC(C)=O.O=c1ccn([C@@H]2O[C@H](COP(=O)([O-])OP(=O)([O-])[O-])[C@@H](O)[C@H]2O)c(=O)[nH]1>>*O[C@@H]1O[C@H](CO)[C@@H](O[C@@H]2O[C@H](CO)[C@H](O)[C@H](O)[C@H]2O)[C@H](O)[C@H]1NC(C)=O.CC(=O)N[C@H]1[C@@H](OP(=O)([O-])OP(=O)([O-])OC[C@H]2O[C@@H](n3ccc(=O)[nH]c3=O)[C@H](O)[C@@H]2O)O[C@H](CO)[C@@H](O)[C@@H]1O,CC(=O)N[C@H]1[C@@H](OP(=O)([O-])OP(=O)([O-])OC[C@H]2O[C@@H](n3ccc(=O)[nH]c3=O)[C@H](O)[C@@H]2O)O[C@H](CO)[C@@H](O)[C@@H]1O.O=P([O-])([O-])O[C@H]1[C@@H](O)[C@@H](O)[C@H](O)[C@@H](O)[C@@H]1O>>CC(=O)N[C@H]1[C@@H](O[C@@H]2[C@H](O)[C@H](OP(=O)([O-])[O-])[C@@H](O)[C@H](O)[C@H]2O)O[C@H](CO)[C@@H](O)[C@@H]1O.[H+].O=c1ccn([C@@H]2O[C@H](COP(=O)([O-])OP(=O)([O-])[O-])[C@@H](O)[C@H]2O)c(=O)[nH]1
70,56.375340,C0ZUT0,D-inositol 3-phosphate glycosyltransferase,Rhodococcus erythropolis (strain PR4 / NBRC 100887) OX=234621,17,MNXR113049,-,2.4.1.250,3.0,0.0,0.63531,0.838197,1,0.736754,34.7,30.0,14.8,24.2,46924.11,6.7490,40.045,*O[C@@H]1O[C@H](CO)[C@@H](O[C@@H]2O[C@H](CO)[C@H](O)[C@H](O[C@@H]3O[C@H](CO)[C@@H](O)[C@H](O)[C@H]3NC(C)=O)[C@H]2O)[C@H](O)[C@H]1NC(C)=O.O=c1ccn([C@@H]2O[C@H](COP(=O)([O-])OP(=O)([O-])[O-])[C@@H](O)[C@H]2O)c(=O)[nH]1>>*O[C@@H]1O[C@H](CO)[C@@H](O[C@@H]2O[C@H](CO)[C@H](O)[C@H](O)[C@H]2O)[C@H](O)[C@H]1NC(C)=O.CC(=O)N[C@H]1[C@@H](OP(=O)([O-])OP(=O)([O-])OC[C@H]2O[C@@H](n3ccc(=O)[nH]c3=O)[C@H](O)[C@@H]2O)O[C@H](CO)[C@@H](O)[C@@H]1O,CC(=O)N[C@H]1[C@@H](OP(=O)([O-])OP(=O)([O-])OC[C@H]2O[C@@H](n3ccc(=O)[nH]c3=O)[C@H](O)[C@@H]2O)O[C@H](CO)[C@@H](O)[C@@H]1O.O=P([O-])([O-])O[C@H]1[C@@H](O)[C@@H](O)[C@H](O)[C@@H](O)[C@@H]1O>>CC(=O)N[C@H]1[C@@H](O[C@@H]2[C@H](O)[C@H](OP(=O)([O-])[O-])[C@@H](O)[C@H](O)[C@H]2O)O[C@H](CO)[C@@H](O)[C@@H]1O.[H+].O=c1ccn([C@@H]2O[C@H](COP(=O)([O-])OP(=O)([O-])[O-])[C@@H](O)[C@H]2O)c(=O)[nH]1
71,55.375340,Q73SU4,D-inositol 3-phosphate glycosyltransferase,Mycolicibacterium paratuberculosis (strain ATCC BAA-968 / K-10) OX=262316,18,MNXR113049,-,2.4.1.250,3.0,0.0,0.63531,0.838197,1,0.736754,36.5,27.8,15.5,24.0,46333.69,6.6767,36.735,*O[C@@H]1O[C@H](CO)[C@@H](O[C@@H]2O[C@H](CO)[C@H](O)[C@H](O[C@@H]3O[C@H](CO)[C@@H](O)[C@H](O)[C@H]3NC(C)=O)[C@H]2O)[C@H](O)[C@H]1NC(C)=O.O=c1ccn([C@@H]2O[C@H](COP(=O)([O-])OP(=O)([O-])[O-])[C@@H](O)[C@H]2O)c(=O)[nH]1>>*O[C@@H]1O[C@H](CO)[C@@H](O[C@@H]2O[C@H](CO)[C@H](O)[C@H](O)[C@H]2O)[C@H](O)[C@H]1NC(C)=O.CC(=O)N[C@H]1[C@@H](OP(=O)([O-])OP(=O)([O-])OC[C@H]2O[C@@H](n3ccc(=O)[nH]c3=O)[C@H](O)[C@@H]2O)O[C@H](CO)[C@@H](O)[C@@H]1O,CC(=O)N[C@H]1[C@@H](OP(=O)([O-])OP(=O)([O-])OC[C@H]2O[C@@H](n3ccc(=O)[nH]c3=O)[C@H](O)[C@@H]2O)O[C@H](CO)[C@@H](O)[C@@H]1O.O=P([O-])([O-])O[C@H]1[C@@H](O)[C@@H](O)[C@H](O)[C@@H](O)[C@@H]1O>>CC(=O)N[C@H]1[C@@H](O[C@@H]2[C@H](O)[C@H](OP(=O)([O-])[O-])[C@@H](O)[C@H](O)[C@H]2O)O[C@H](CO)[C@@H](O)[C@@H]1O.[H+].O=c1ccn([C@@H]2O[C@H](COP(=O)([O-])OP(=O)([O-])[O-])[C@@H](O)[C@H]2O)c(=O)[nH]1
72,55.375340,P64708,D-inositol 3-phosphate glycosyltransferase,Mycobacterium bovis (strain ATCC BAA-935 / AF2122/97) OX=233413,18,MNXR113049,-,2.4.1.250,3.0,0.0,0.63531,0.838197,1,0.736754,30.8,28.7,16.8,27.2,50541.37,7.8144,37.917,*O[C@@H]1O[C@H](CO)[C@@H](O[C@@H]2O[C@H](CO)[C@H](O)[C@H](O[C@@H]3O[C@H](CO)[C@@H](O)[C@H](O)[C@H]3NC(C)=O)[C@H]2O)[C@H](O)[C@H]1NC(C)=O.O=c1ccn([C@@H]2O[C@H](COP(=O)([O-])OP(=O)([O-])[O-])[C@@H](O)[C@H]2O)c(=O)[nH]1>>*O[C@@H]1O[C@H](CO)[C@@H](O[C@@H]2O[C@H](CO)[C@H](O)[C@H](O)[C@H]2O)[C@H](O)[C@H]1NC(C)=O.CC(=O)N[C@H]1[C@@H](OP(=O)([O-])OP(=O)([O-])OC[C@H]2O[C@@H](n3ccc(=O)[nH]c3=O)[C@H](O)[C@@H]2O)O[C@H](CO)[C@@H](O)[C@@H]1O,CC(=O)N[C@H]1[C@@H](OP(=O)([O-])OP(=O)([O-])OC[C@H]2O[C@@H](n3ccc(=O)[nH]c3=O)[C@H](O)[C@@H]2O)O[C@H](CO)[C@@H](O)[C@@H]1O.O=P([O-])([O-])O[C@H]1[C@@H](O)[C@@H](O)[C@H](O)[C@@H](O)[C@@H]1O>>CC(=O)N[C@H]1[C@@H](O[C@@H]2[C@H](O)[C@H](OP(=O)([O-])[O-])[C@@H](O)[C@H](O)[C@H]2O)O[C@H](CO)[C@@H](O)[C@@H]1O.[H+].O=c1ccn([C@@H]2O[C@H](COP(=O)([O-])OP(=O)([O-])[O-])[C@@H](O)[C@H]2O)c(=O)[nH]1
73,55.190970,Q65CC1,2-deoxystreptamine glucosyltransferase,Streptomyces kanamyceticus OX=1967,15,MNXR112385,-,2.4.1.-;2.4.1.283,1.0,0.0,0.61573,0.790089,1,0.702912,48.8,31.5,8.9,15.1,41613.23,7.6996,36.434,*O[C@@H]1O[C@H](CO)[C@@H](O[C@@H]2O[C@H](CO)[C@H](O)[C@H](O[C@@H]3O[C@H](CO)[C@@H](O)[C@H](O)[C@H]3NC(C)=O)[C@H]2O)[C@H](O)[C@H]1NC(C)=O.O=c1ccn([C@@H]2O[C@H](COP(=O)([O-])OP(=O)([O-])[O-])[C@@H](O)[C@H]2O)c(=O)[nH]1>>*O[C@@H]1O[C@H](CO)[C@@H](O[C@@H]2O[C@H](CO)[C@H](O)[C@H](O)[C@H]2O)[C@H](O)[C@H]1NC(C)=O.CC(=O)N[C@H]1[C@@H](OP(=O)([O-])OP(=O)([O-])OC[C@H]2O[C@@H](n3ccc(=O)[nH]c3=O)[C@H](O)[C@@H]2O)O[C@H](CO)[C@@H](O)[C@@H]1O,[NH3+][C@H]1C[C@@H]([NH3+])[C@H](O)[C@@H](O)[C@@H]1O.CC(=O)N[C@H]1[C@@H](OP(=O)([O-])OP(=O)([O-])OC[C@H]2O[C@@H](n3ccc(=O)[nH]c3=O)[C@H](O)[C@@H]2O)O[C@H](CO)[C@@H](O)[C@@H]1O>>CC(=O)N[C@H]1[C@@H](O[C@@H]2[C@@H]([NH3+])C[C@@H]([NH3+])[C@H](O)[C@H]2O)O[C@H](CO)[C@@H](O)[C@@H]1O.[H+].O=c1ccn([C@@H]2O[C@H](COP(=O)([O-])OP(=O)([O-])[O-])[C@@H](O)[C@H]2O)c(=O)[nH]1
74,55.190970,Q53U18,2-deoxystreptamine N-acetyl-D-glucosaminyltransferase,Streptomyces fradiae OX=1906,15,MNXR112385,-,2.4.1.-;2.4.1.283,1.0,0.0,0.61573,0.790089,1,0.702912,37.0,33.8,13.8,19.3,45332.20,9.2523,36.342,*O[C@@H]1O[C@H](CO)[C@@H](O[C@@H]2O[C@H](CO)[C@H](O)[C@H](O[C@@H]3O[C@H](CO)[C@@H](O)[C@H](O)[C@H]3NC(C)=O)[C@H]2O)[C@H](O)[C@H]1NC(C)=O.O=c1ccn([C@@H]2O[C@H](COP(=O)([O-])OP(=O)([O-])[O-])[C@@H](O)[C@H]2O)c(=O)[nH]1>>*O[C@@H]1O[C@H](CO)[C@@H](O[C@@H]2O[C@H](CO)[C@H](O)[C@H](O)[C@H]2O)[C@H](O)[C@H]1NC(C)=O.CC(=O)N[C@H]1[C@@H](OP(=O)([O-])OP(=O)([O-])OC[C@H]2O[C@@H](n3ccc(=O)[nH]c3=O)[C@H](O)[C@@H]2O)O[C@H](CO)[C@@H](O)[C@@H]1O,[NH3+][C@H]1C[C@@H]([NH3+])[C@H](O)[C@@H](O)[C@@H]1O.CC(=O)N[C@H]1[C@@H](OP(=O)([O-])OP(=O)([O-])OC[C@H]2O[C@@H](n3ccc(=O)[nH]c3=O)[C@H](O)[C@@H]2O)O[C@H](CO)[C@@H](O)[C@@H]1O>>CC(=O)N[C@H]1[C@@H](O[C@@H]2[C@@H]([NH3+])C[C@@H]([NH3+])[C@H](O)[C@H]2O)O[C@H](CO)[C@@H](O)[C@@H]1O.[H+].O=c1ccn([C@@H]2O[C@H](COP(=O)([O-])OP(=O)([O-])[O-])[C@@H](O)[C@H]2O)c(=O)[nH]1
75,54.990970,Q4H4F8,2-deoxystreptamine N-acetyl-D-glucosaminyltransferase,Niallia circulans OX=1397,15,MNXR112385,-,2.4.1.-;2.4.1.283,3.0,0.0,0.61573,0.790089,1,0.702912,41.3,25.2,22.0,15.8,43387.02,8.3026,45.758,*O[C@@H]1O[C@H](CO)[C@@H](O[C@@H]2O[C@H](CO)[C@H](O)[C@H](O[C@@H]3O[C@H](CO)[C@@H](O)[C@H](O)[C@H]3NC(C)=O)[C@H]2O)[C@H](O)[C@H]1NC(C)=O.O=c1ccn([C@@H]2O[C@H](COP(=O)([O-])OP(=O)([O-])[O-])[C@@H](O)[C@H]2O)c(=O)[nH]1>>*O[C@@H]1O[C@H](CO)[C@@H](O[C@@H]2O[C@H](CO)[C@H](O)[C@H](O)[C@H]2O)[C@H](O)[C@H]1NC(C)=O.CC(=O)N[C@H]1[C@@H](OP(=O)([O-])OP(=O)([O-])OC[C@H]2O[C@@H](n3ccc(=O)[nH]c3=O)[C@H](O)[C@@H]2O)O[C@H](CO)[C@@H](O)[C@@H]1O,[NH3+][C@H]1C[C@@H]([NH3+])[C@H](O)[C@@H](O)[C@@H]1O.CC(=O)N[C@H]1[C@@H](OP(=O)([O-])OP(=O)([O-])OC[C@H]2O[C@@H](n3ccc(=O)[nH]c3=O)[C@H](O)[C@@H]2O)O[C@H](CO)[C@@H](O)[C@@H]1O>>CC(=O)N[C@H]1[C@@H](O[C@@H]2[C@@H]([NH3+])C[C@@H]([NH3+])[C@H](O)[C@H]2O)O[C@H](CO)[C@@H](O)[C@@H]1O.[H+].O=c1ccn([C@@H]2O[C@H](COP(=O)([O-])OP(=O)([O-])[O-])[C@@H](O)[C@H]2O)c(=O)[nH]1
76,54.375340,B1VS68,D-inositol 3-phosphate glycosyltransferase,Streptomyces griseus subsp. griseus (strain JCM 4626 / NBRC 13350) OX=455632,19,MNXR113049,-,2.4.1.250,3.0,0.0,0.63531,0.838197,1,0.736754,38.2,22.8,13.4,29.2,50041.02,9.4570,37.288,*O[C@@H]1O[C@H](CO)[C@@H](O[C@@H]2O[C@H](CO)[C@H](O)[C@H](O[C@@H]3O[C@H](CO)[C@@H](O)[C@H](O)[C@H]3NC(C)=O)[C@H]2O)[C@H](O)[C@H]1NC(C)=O.O=c1ccn([C@@H]2O[C@H](COP(=O)([O-])OP(=O)([O-])[O-])[C@@H](O)[C@H]2O)c(=O)[nH]1>>*O[C@@H]1O[C@H](CO)[C@@H](O[C@@H]2O[C@H](CO)[C@H](O)[C@H](O)[C@H]2O)[C@H](O)[C@H]1NC(C)=O.CC(=O)N[C@H]1[C@@H](OP(=O)([O-])OP(=O)([O-])OC[C@H]2O[C@@H](n3ccc(=O)[nH]c3=O)[C@H](O)[C@@H]2O)O[C@H](CO)[C@@H](O)[C@@H]1O,CC(=O)N[C@H]1[C@@H](OP(=O)([O-])OP(=O)([O-])OC[C@H]2O[C@@H](n3ccc(=O)[nH]c3=O)[C@H](O)[C@@H]2O)O[C@H](CO)[C@@H](O)[C@@H]1O.O=P([O-])([O-])O[C@H]1[C@@H](O)[C@@H](O)[C@H](O)[C@@H](O)[C@@H]1O>>CC(=O)N[C@H]1[C@@H](O[C@@H]2[C@H](O)[C@H](OP(=O)([O-])[O-])[C@@H](O)[C@H](O)[C@H]2O)O[C@H](CO)[C@@H](O)[C@@H]1O.[H+].O=c1ccn([C@@H]2O[C@H](COP(=O)([O-])OP(=O)([O-])[O-])[C@@H](O)[C@H]2O)c(=O)[nH]1
77,54.375340,A1KFW0,D-inositol 3-phosphate glycosyltransferase,Mycobacterium bovis (strain BCG / Pasteur 1173P2) OX=410289,19,MNXR113049,-,2.4.1.250,3.0,0.0,0.63531,0.838197,1,0.736754,30.8,28.7,16.8,27.2,50541.37,7.8144,37.917,*O[C@@H]1O[C@H](CO)[C@@H](O[C@@H]2O[C@H](CO)[C@H](O)[C@H](O[C@@H]3O[C@H](CO)[C@@H](O)[C@H](O)[C@H]3NC(C)=O)[C@H]2O)[C@H](O)[C@H]1NC(C)=O.O=c1ccn([C@@H]2O[C@H](COP(=O)([O-])OP(=O)([O-])[O-])[C@@H](O)[C@H]2O)c(=O)[nH]1>>*O[C@@H]1O[C@H](CO)[C@@H](O[C@@H]2O[C@H](CO)[C@H](O)[C@H](O)[C@H]2O)[C@H](O)[C@H]1NC(C)=O.CC(=O)N[C@H]1[C@@H](OP(=O)([O-])OP(=O)([O-])OC[C@H]2O[C@@H](n3ccc(=O)[nH]c3=O)[C@H](O)[C@@H]2O)O[C@H](CO)[C@@H](O)[C@@H]1O,CC(=O)N[C@H]1[C@@H](OP(=O)([O-])OP(=O)([O-])OC[C@H]2O[C@@H](n3ccc(=O)[nH]c3=O)[C@H](O)[C@@H]2O)O[C@H](CO)[C@@H](O)[C@@H]1O.O=P([O-])([O-])O[C@H]1[C@@H](O)[C@@H](O)[C@H](O)[C@@H](O)[C@@H]1O>>CC(=O)N[C@H]1[C@@H](O[C@@H]2[C@H](O)[C@H](OP(=O)([O-])[O-])[C@@H](O)[C@H](O)[C@H]2O)O[C@H](CO)[C@@H](O)[C@@H]1O.[H+].O=c1ccn([C@@H]2O[C@H](COP(=O)([O-])OP(=O)([O-])[O-])[C@@H](O)[C@H]2O)c(=O)[nH]1
78,54.375340,C1AKG4,D-inositol 3-phosphate glycosyltransferase,Mycobacterium bovis (strain BCG / Tokyo 172 / ATCC 35737 / TMC 1019) OX=561275,19,MNXR113049,-,2.4.1.250,3.0,0.0,0.63531,0.838197,1,0.736754,30.8,28.7,16.8,27.2,50541.37,7.8144,37.917,*O[C@@H]1O[C@H](CO)[C@@H](O[C@@H]2O[C@H](CO)[C@H](O)[C@H](O[C@@H]3O[C@H](CO)[C@@H](O)[C@H](O)[C@H]3NC(C)=O)[C@H]2O)[C@H](O)[C@H]1NC(C)=O.O=c1ccn([C@@H]2O[C@H](COP(=O)([O-])OP(=O)([O-])[O-])[C@@H](O)[C@H]2O)c(=O)[nH]1>>*O[C@@H]1O[C@H](CO)[C@@H](O[C@@H]2O[C@H](CO)[C@H](O)[C@H](O)[C@H]2O)[C@H](O)[C@H]1NC(C)=O.CC(=O)N[C@H]1[C@@H](OP(=O)([O-])OP(=O)([O-])OC[C@H]2O[C@@H](n3ccc(=O)[nH]c3=O)[C@H](O)[C@@H]2O)O[C@H](CO)[C@@H](O)[C@@H]1O,CC(=O)N[C@H]1[C@@H](OP(=O)([O-])OP(=O)([O-])OC[C@H]2O[C@@H](n3ccc(=O)[nH]c3=O)[C@H](O)[C@@H]2O)O[C@H](CO)[C@@H](O)[C@@H]1O.O=P([O-])([O-])O[C@H]1[C@@H](O)[C@@H](O)[C@H](O)[C@@H](O)[C@@H]1O>>CC(=O)N[C@H]1[C@@H](O[C@@H]2[C@H](O)[C@H](OP(=O)([O-])[O-])[C@@H](O)[C@H](O)[C@H]2O)O[C@H](CO)[C@@H](O)[C@@H]1O.[H+].O=c1ccn([C@@H]2O[C@H](COP(=O)([O-])OP(=O)([O-])[O-])[C@@H](O)[C@H]2O)c(=O)[nH]1
79,49.036692,O01705,Exostosin-2 homolog,Caenorhabditis elegans OX=6239,26,MNXR110998,MNXR178078_0.8022461436548831_0.7004838444515933,2.4.1.224,1.0,0.0,0.80225,0.700484,-1,0.751365,36.0,22.3,25.1,18.7,94196.84,6.3794,48.157,*O[C@@H]1O[C@H](CO)[C@@H](O[C@@H]2O[C@H](CO)[C@H](O)[C@H](O[C@@H]3O[C@H](CO)[C@@H](O)[C@H](O)[C@H]3NC(C)=O)[C@H]2O)[C@H](O)[C@H]1NC(C)=O.O=c1ccn([C@@H]2O[C@H](COP(=O)([O-])OP(=O)([O-])[O-])[C@@H](O)[C@H]2O)c(=O)[nH]1>>*O[C@@H]1O[C@H](CO)[C@@H](O[C@@H]2O[C@H](CO)[C@H](O)[C@H](O)[C@H]2O)[C@H](O)[C@H]1NC(C)=O.CC(=O)N[C@H]1[C@@H](OP(=O)([O-])OP(=O)([O-])OC[C@H]2O[C@@H](n3ccc(=O)[nH]c3=O)[C@H](O)[C@@H]2O)O[C@H](CO)[C@@H](O)[C@@H]1O,CC(=O)N[C@H]1[C@@H](O[C@@H]2[C@@H](C(=O)O)O[C@@H](O[C@@H]3[C@@H](CO)O[C@H](O[*])[C@H](NC(C)=O)[C@H]3O)[C@H](O)[C@H]2O)O[C@H](CO)[C@@H](O)[C@@H]1O.O=c1ccn([C@@H]2O[C@H](COP(=O)([O-])OP(=O)([O-])[O-])[C@@H](O)[C@H]2O)c(=O)[nH]1>>CC(=O)N[C@H]1[C@@H](O[*])O[C@H](CO)[C@@H](O[C@@H]2O[C@H](C(=O)O)[C@@H](O)[C@H](O)[C@H]2O)[C@@H]1O.CC(=O)N[C@H]1[C@@H](OP(=O)([O-])OP(=O)([O-])OC[C@H]2O[C@@H](n3ccc(=O)[nH]c3=O)[C@H](O)[C@@H]2O)O[C@H](CO)[C@@H](O)[C@@H]1O
80,46.343692,Q11068,Putative alpha-1;3-mannosyl-glycoprotein 2-beta-N-acetylglucosaminyltransferase,Caenorhabditis elegans OX=6239,26,MNXR174057,-,2.4.1.101,2.0,0.0,0.75039,0.700484,1,0.725437,39.0,26.1,21.0,17.6,52150.82,8.5962,48.330,*O[C@@H]1O[C@H](CO)[C@@H](O[C@@H]2O[C@H](CO)[C@H](O)[C@H](O[C@@H]3O[C@H](CO)[C@@H](O)[C@H](O)[C@H]3NC(C)=O)[C@H]2O)[C@H](O)[C@H]1NC(C)=O.O=c1ccn([C@@H]2O[C@H](COP(=O)([O-])OP(=O)([O-])[O-])[C@@H](O)[C@H]2O)c(=O)[nH]1>>*O[C@@H]1O[C@H](CO)[C@@H](O[C@@H]2O[C@H](CO)[C@H](O)[C@H](O)[C@H]2O)[C@H](O)[C@H]1NC(C)=O.CC(=O)N[C@H]1[C@@H](OP(=O)([O-])OP(=O)([O-])OC[C@H]2O[C@@H](n3ccc(=O)[nH]c3=O)[C@H](O)[C@@H]2O)O[C@H](CO)[C@@H](O)[C@@H]1O,CC(=O)N[C@H]1[C@@H](OP(=O)([O-])OP(=O)([O-])OC[C@H]2O[C@@H](n3ccc(=O)[nH]c3=O)[C@H](O)[C@@H]2O)O[C@H](CO)[C@@H](O)[C@@H]1O.[*]O[C@@H]1O[C@H](CO)[C@@H](O)C(O[C@H]2O[C@H](CO)[C@@H](O)[C@H](O)[C@@H]2O)[C@@H]1O>>CC(=O)N[C@H]1C(O[C@@H]2C(O[C@@H]3[C@H](O)[C@H](O[*])O[C@H](CO)[C@H]3O)O[C@H](CO)[C@@H](O)[C@@H]2O)O[C@H](CO)[C@@H](O)[C@@H]1O.O=c1ccn([C@@H]2O[C@H](COP(=O)([O-])OP(=O)([O-])[O-])[C@@H](O)[C@H]2O)c(=O)[nH]1
81,46.176692,Q5U258,Beta-1;3-galactosyl-O-glycosyl-glycoprotein beta-1;6-N-acetylglucosaminyltransferase 3,Xenopus laevis OX=8355,33,MNXR147825,MNXR147826_0.8870528923697143_0.7004838444515933|MNXR165876_0.8870528923697143_0.7004838444515933|MNXR148807_0.7552431733624011_0.7004838444515933|MNXR148808_0.7552431733624011_0.7004838444515933|MNXR174058_0.7552431733624011_0.7004838444515933|MNXR153246_0.7296983980640462_0.7004838444515933|MNXR174085_0.7213110869998675_0.7004838444515933|MNXR151423_0.716094973813547_0.7004838444515933|MNXR153247_0.7030371293838377_0.7004838444515933|MNXR183675_0.7030371293838377_0.7004838444515933|MNXR151422_0.6943838930206868_0.7004838444515933,2.4.1.150,2.0,0.0,0.88705,0.700484,1,0.793768,41.2,21.1,27.4,14.1,51201.83,8.6628,47.856,*O[C@@H]1O[C@H](CO)[C@@H](O[C@@H]2O[C@H](CO)[C@H](O)[C@H](O[C@@H]3O[C@H](CO)[C@@H](O)[C@H](O)[C@H]3NC(C)=O)[C@H]2O)[C@H](O)[C@H]1NC(C)=O.O=c1ccn([C@@H]2O[C@H](COP(=O)([O-])OP(=O)([O-])[O-])[C@@H](O)[C@H]2O)c(=O)[nH]1>>*O[C@@H]1O[C@H](CO)[C@@H](O[C@@H]2O[C@H](CO)[C@H](O)[C@H](O)[C@H]2O)[C@H](O)[C@H]1NC(C)=O.CC(=O)N[C@H]1[C@@H](OP(=O)([O-])OP(=O)([O-])OC[C@H]2O[C@@H](n3ccc(=O)[nH]c3=O)[C@H](O)[C@@H]2O)O[C@H](CO)[C@@H](O)[C@@H]1O,CC(=O)N[C@H]1[C@@H](OP(=O)([O-])OP(=O)([O-])OC[C@H]2O[C@@H](n3ccc(=O)[nH]c3=O)[C@H](O)[C@@H]2O)O[C@H](CO)[C@@H](O)[C@@H]1O.CC(=O)N[C@H]1[C@H](O[*])O[C@H](CO)[C@@H](O[C@@H]2O[C@H](CO)[C@H](O)[C@H](O)[C@H]2O)[C@@H]1O>>CC(=O)N[C@H]1[C@H](O[*])O[C@H](CO)[C@@H](O[C@@H]2O[C@H](CO[C@@H]3O[C@H](CO)[C@@H](O)[C@H](O)[C@H]3NC(C)=O)[C@H](O)[C@H](O)[C@H]2O)[C@@H]1O.O=c1ccn([C@@H]2O[C@H](COP(=O)([O-])OP(=O)([O-])[O-])[C@@H](O)[C@H]2O)c(=O)[nH]1
82,45.924192,Q9Y2A9,N-acetyllactosaminide beta-1;3-N-acetylglucosaminyltransferase 3,Homo sapiens OX=9606,39,MNXR115103,MNXR147824_1.0_0.7004838444515933|MNXR174084_0.8564034390212679_0.7004838444515933|MNXR148860_0.7231316143833886_0.7004838444515933|MNXR148861_0.7231316143833886_0.7004838444515933|MNXR174081_0.7061210606130587_0.7004838444515933|MNXR115101_0.6875861241695197_0.7004838444515933,2.4.1.149,1.0,0.0,1.00000,0.700484,1,0.850242,23.6,30.1,30.9,19.9,42534.17,8.7772,41.667,*O[C@@H]1O[C@H](CO)[C@@H](O[C@@H]2O[C@H](CO)[C@H](O)[C@H](O[C@@H]3O[C@H](CO)[C@@H](O)[C@H](O)[C@H]3NC(C)=O)[C@H]2O)[C@H](O)[C@H]1NC(C)=O.O=c1ccn([C@@H]2O[C@H](COP(=O)([O-])OP(=O)([O-])[O-])[C@@H](O)[C@H]2O)c(=O)[nH]1>>*O[C@@H]1O[C@H](CO)[C@@H](O[C@@H]2O[C@H](CO)[C@H](O)[C@H](O)[C@H]2O)[C@H](O)[C@H]1NC(C)=O.CC(=O)N[C@H]1[C@@H](OP(=O)([O-])OP(=O)([O-])OC[C@H]2O[C@@H](n3ccc(=O)[nH]c3=O)[C@H](O)[C@@H]2O)O[C@H](CO)[C@@H](O)[C@@H]1O,CC(=O)N[C@H]1[C@@H](OP(=O)([O-])OP(=O)([O-])OC[C@H]2O[C@@H](n3ccc(=O)[nH]c3=O)[C@H](O)[C@@H]2O)O[C@H](CO)[C@@H](O)[C@@H]1O.CC(=O)N[C@H]1[C@H](O[*])O[C@H](CO)[C@@H](O[C@@H]2O[C@H](CO)[C@H](O)[C@H](O)[C@H]2O)[C@@H]1O>>O=c1ccn([C@@H]2O[C@H](COP(=O)([O-])OP(=O)([O-])[O-])[C@@H](O)[C@H]2O)c(=O)[nH]1.CC(=O)N[C@H]1[C@H](O[C@H]2[C@@H](O)[C@@H](CO)O[C@@H](O[C@@H]3[C@@H](CO)O[C@@H](O[*])[C@H](NC(C)=O)[C@H]3O)[C@@H]2O)O[C@H](CO)[C@@H](O)[C@@H]1O
83,45.924192,Q8NFL0,UDP-GlcNAc:betaGal beta-1;3-N-acetylglucosaminyltransferase 7,Homo sapiens OX=9606,39,MNXR115103,MNXR147824_1.0_0.7004838444515933|MNXR174084_0.8564034390212679_0.7004838444515933,2.4.1.149,1.0,0.0,1.00000,0.700484,1,0.850242,27.3,24.2,32.2,20.5,45987.20,9.2879,42.145,*O[C@@H]1O[C@H](CO)[C@@H](O[C@@H]2O[C@H](CO)[C@H](O)[C@H](O[C@@H]3O[C@H](CO)[C@@H](O)[C@H](O)[C@H]3NC(C)=O)[C@H]2O)[C@H](O)[C@H]1NC(C)=O.O=c1ccn([C@@H]2O[C@H](COP(=O)([O-])OP(=O)([O-])[O-])[C@@H](O)[C@H]2O)c(=O)[nH]1>>*O[C@@H]1O[C@H](CO)[C@@H](O[C@@H]2O[C@H](CO)[C@H](O)[C@H](O)[C@H]2O)[C@H](O)[C@H]1NC(C)=O.CC(=O)N[C@H]1[C@@H](OP(=O)([O-])OP(=O)([O-])OC[C@H]2O[C@@H](n3ccc(=O)[nH]c3=O)[C@H](O)[C@@H]2O)O[C@H](CO)[C@@H](O)[C@@H]1O,CC(=O)N[C@H]1[C@@H](OP(=O)([O-])OP(=O)([O-])OC[C@H]2O[C@@H](n3ccc(=O)[nH]c3=O)[C@H](O)[C@@H]2O)O[C@H](CO)[C@@H](O)[C@@H]1O.CC(=O)N[C@H]1[C@H](O[*])O[C@H](CO)[C@@H](O[C@@H]2O[C@H](CO)[C@H](O)[C@H](O)[C@H]2O)[C@@H]1O>>O=c1ccn([C@@H]2O[C@H](COP(=O)([O-])OP(=O)([O-])[O-])[C@@H](O)[C@H]2O)c(=O)[nH]1.CC(=O)N[C@H]1[C@H](O[C@H]2[C@@H](O)[C@@H](CO)O[C@@H](O[C@@H]3[C@@H](CO)O[C@@H](O[*])[C@H](NC(C)=O)[C@H]3O)[C@@H]2O)O[C@H](CO)[C@@H](O)[C@@H]1O
84,45.924192,Q9NY97,N-acetyllactosaminide beta-1;3-N-acetylglucosaminyltransferase 2,Homo sapiens OX=9606,39,MNXR115103,MNXR147824_1.0_0.7004838444515933|MNXR174084_0.8564034390212679_0.7004838444515933,2.4.1.149,1.0,0.0,1.00000,0.700484,1,0.850242,33.1,25.7,25.5,19.9,46021.99,8.7462,47.607,*O[C@@H]1O[C@H](CO)[C@@H](O[C@@H]2O[C@H](CO)[C@H](O)[C@H](O[C@@H]3O[C@H](CO)[C@@H](O)[C@H](O)[C@H]3NC(C)=O)[C@H]2O)[C@H](O)[C@H]1NC(C)=O.O=c1ccn([C@@H]2O[C@H](COP(=O)([O-])OP(=O)([O-])[O-])[C@@H](O)[C@H]2O)c(=O)[nH]1>>*O[C@@H]1O[C@H](CO)[C@@H](O[C@@H]2O[C@H](CO)[C@H](O)[C@H](O)[C@H]2O)[C@H](O)[C@H]1NC(C)=O.CC(=O)N[C@H]1[C@@H](OP(=O)([O-])OP(=O)([O-])OC[C@H]2O[C@@H](n3ccc(=O)[nH]c3=O)[C@H](O)[C@@H]2O)O[C@H](CO)[C@@H](O)[C@@H]1O,CC(=O)N[C@H]1[C@@H](OP(=O)([O-])OP(=O)([O-])OC[C@H]2O[C@@H](n3ccc(=O)[nH]c3=O)[C@H](O)[C@@H]2O)O[C@H](CO)[C@@H](O)[C@@H]1O.CC(=O)N[C@H]1[C@H](O[*])O[C@H](CO)[C@@H](O[C@@H]2O[C@H](CO)[C@H](O)[C@H](O)[C@H]2O)[C@@H]1O>>O=c1ccn([C@@H]2O[C@H](COP(=O)([O-])OP(=O)([O-])[O-])[C@@H](O)[C@H]2O)c(=O)[nH]1.CC(=O)N[C@H]1[C@H](O[C@H]2[C@@H](O)[C@@H](CO)O[C@@H](O[C@@H]3[C@@H](CO)O[C@@H](O[*])[C@H](NC(C)=O)[C@H]3O)[C@@H]2O)O[C@H](CO)[C@@H](O)[C@@H]1O
85,45.924192,O43505,Beta-1;4-glucuronyltransferase 1,Homo sapiens OX=9606,39,MNXR115103,MNXR147824_1.0_0.7004838444515933|MNXR174084_0.8564034390212679_0.7004838444515933,2.4.1.149,1.0,0.0,1.00000,0.700484,1,0.850242,42.9,23.3,19.0,18.8,47119.06,7.2201,40.964,*O[C@@H]1O[C@H](CO)[C@@H](O[C@@H]2O[C@H](CO)[C@H](O)[C@H](O[C@@H]3O[C@H](CO)[C@@H](O)[C@H](O)[C@H]3NC(C)=O)[C@H]2O)[C@H](O)[C@H]1NC(C)=O.O=c1ccn([C@@H]2O[C@H](COP(=O)([O-])OP(=O)([O-])[O-])[C@@H](O)[C@H]2O)c(=O)[nH]1>>*O[C@@H]1O[C@H](CO)[C@@H](O[C@@H]2O[C@H](CO)[C@H](O)[C@H](O)[C@H]2O)[C@H](O)[C@H]1NC(C)=O.CC(=O)N[C@H]1[C@@H](OP(=O)([O-])OP(=O)([O-])OC[C@H]2O[C@@H](n3ccc(=O)[nH]c3=O)[C@H](O)[C@@H]2O)O[C@H](CO)[C@@H](O)[C@@H]1O,CC(=O)N[C@H]1[C@@H](OP(=O)([O-])OP(=O)([O-])OC[C@H]2O[C@@H](n3ccc(=O)[nH]c3=O)[C@H](O)[C@@H]2O)O[C@H](CO)[C@@H](O)[C@@H]1O.CC(=O)N[C@H]1[C@H](O[*])O[C@H](CO)[C@@H](O[C@@H]2O[C@H](CO)[C@H](O)[C@H](O)[C@H]2O)[C@@H]1O>>O=c1ccn([C@@H]2O[C@H](COP(=O)([O-])OP(=O)([O-])[O-])[C@@H](O)[C@H]2O)c(=O)[nH]1.CC(=O)N[C@H]1[C@H](O[C@H]2[C@@H](O)[C@@H](CO)O[C@@H](O[C@@H]3[C@@H](CO)O[C@@H](O[*])[C@H](NC(C)=O)[C@H]3O)[C@@H]2O)O[C@H](CO)[C@@H](O)[C@@H]1O
86,45.924192,Q9Z222,N-acetyllactosaminide beta-1;3-N-acetylglucosaminyltransferase 2,Mus musculus OX=10090,39,MNXR115103,MNXR147824_1.0_0.7004838444515933|MNXR174084_0.8564034390212679_0.7004838444515933,2.4.1.149,1.0,0.0,1.00000,0.700484,1,0.850242,28.1,28.3,28.6,19.2,45883.00,9.6227,46.851,*O[C@@H]1O[C@H](CO)[C@@H](O[C@@H]2O[C@H](CO)[C@H](O)[C@H](O[C@@H]3O[C@H](CO)[C@@H](O)[C@H](O)[C@H]3NC(C)=O)[C@H]2O)[C@H](O)[C@H]1NC(C)=O.O=c1ccn([C@@H]2O[C@H](COP(=O)([O-])OP(=O)([O-])[O-])[C@@H](O)[C@H]2O)c(=O)[nH]1>>*O[C@@H]1O[C@H](CO)[C@@H](O[C@@H]2O[C@H](CO)[C@H](O)[C@H](O)[C@H]2O)[C@H](O)[C@H]1NC(C)=O.CC(=O)N[C@H]1[C@@H](OP(=O)([O-])OP(=O)([O-])OC[C@H]2O[C@@H](n3ccc(=O)[nH]c3=O)[C@H](O)[C@@H]2O)O[C@H](CO)[C@@H](O)[C@@H]1O,CC(=O)N[C@H]1[C@@H](OP(=O)([O-])OP(=O)([O-])OC[C@H]2O[C@@H](n3ccc(=O)[nH]c3=O)[C@H](O)[C@@H]2O)O[C@H](CO)[C@@H](O)[C@@H]1O.CC(=O)N[C@H]1[C@H](O[*])O[C@H](CO)[C@@H](O[C@@H]2O[C@H](CO)[C@H](O)[C@H](O)[C@H]2O)[C@@H]1O>>O=c1ccn([C@@H]2O[C@H](COP(=O)([O-])OP(=O)([O-])[O-])[C@@H](O)[C@H]2O)c(=O)[nH]1.CC(=O)N[C@H]1[C@H](O[C@H]2[C@@H](O)[C@@H](CO)O[C@@H](O[C@@H]3[C@@H](CO)O[C@@H](O[*])[C@H](NC(C)=O)[C@H]3O)[C@@H]2O)O[C@H](CO)[C@@H](O)[C@@H]1O
87,45.924192,Q9C0J1,N-acetyllactosaminide beta-1;3-N-acetylglucosaminyltransferase 4,Homo sapiens OX=9606,39,MNXR115103,MNXR147824_1.0_0.7004838444515933|MNXR174084_0.8564034390212679_0.7004838444515933,2.4.1.149,1.0,0.0,1.00000,0.700484,1,0.850242,29.0,29.0,23.5,22.9,42310.39,9.5895,37.302,*O[C@@H]1O[C@H](CO)[C@@H](O[C@@H]2O[C@H](CO)[C@H](O)[C@H](O[C@@H]3O[C@H](CO)[C@@H](O)[C@H](O)[C@H]3NC(C)=O)[C@H]2O)[C@H](O)[C@H]1NC(C)=O.O=c1ccn([C@@H]2O[C@H](COP(=O)([O-])OP(=O)([O-])[O-])[C@@H](O)[C@H]2O)c(=O)[nH]1>>*O[C@@H]1O[C@H](CO)[C@@H](O[C@@H]2O[C@H](CO)[C@H](O)[C@H](O)[C@H]2O)[C@H](O)[C@H]1NC(C)=O.CC(=O)N[C@H]1[C@@H](OP(=O)([O-])OP(=O)([O-])OC[C@H]2O[C@@H](n3ccc(=O)[nH]c3=O)[C@H](O)[C@@H]2O)O[C@H](CO)[C@@H](O)[C@@H]1O,CC(=O)N[C@H]1[C@@H](OP(=O)([O-])OP(=O)([O-])OC[C@H]2O[C@@H](n3ccc(=O)[nH]c3=O)[C@H](O)[C@@H]2O)O[C@H](CO)[C@@H](O)[C@@H]1O.CC(=O)N[C@H]1[C@H](O[*])O[C@H](CO)[C@@H](O[C@@H]2O[C@H](CO)[C@H](O)[C@H](O)[C@H]2O)[C@@H]1O>>O=c1ccn([C@@H]2O[C@H](COP(=O)([O-])OP(=O)([O-])[O-])[C@@H](O)[C@H]2O)c(=O)[nH]1.CC(=O)N[C@H]1[C@H](O[C@H]2[C@@H](O)[C@@H](CO)O[C@@H](O[C@@H]3[C@@H](CO)O[C@@H](O[*])[C@H](NC(C)=O)[C@H]3O)[C@@H]2O)O[C@H](CO)[C@@H](O)[C@@H]1O
88,45.824192,Q8K0J2,UDP-GlcNAc:betaGal beta-1;3-N-acetylglucosaminyltransferase 7,Mus musculus OX=10090,39,MNXR115103,MNXR147824_1.0_0.7004838444515933|MNXR174084_0.8564034390212679_0.7004838444515933,2.4.1.149,2.0,0.0,1.00000,0.700484,1,0.850242,31.8,23.9,26.8,21.8,45378.63,8.6035,41.814,*O[C@@H]1O[C@H](CO)[C@@H](O[C@@H]2O[C@H](CO)[C@H](O)[C@H](O[C@@H]3O[C@H](CO)[C@@H](O)[C@H](O)[C@H]3NC(C)=O)[C@H]2O)[C@H](O)[C@H]1NC(C)=O.O=c1ccn([C@@H]2O[C@H](COP(=O)([O-])OP(=O)([O-])[O-])[C@@H](O)[C@H]2O)c(=O)[nH]1>>*O[C@@H]1O[C@H](CO)[C@@H](O[C@@H]2O[C@H](CO)[C@H](O)[C@H](O)[C@H]2O)[C@H](O)[C@H]1NC(C)=O.CC(=O)N[C@H]1[C@@H](OP(=O)([O-])OP(=O)([O-])OC[C@H]2O[C@@H](n3ccc(=O)[nH]c3=O)[C@H](O)[C@@H]2O)O[C@H](CO)[C@@H](O)[C@@H]1O,CC(=O)N[C@H]1[C@@H](OP(=O)([O-])OP(=O)([O-])OC[C@H]2O[C@@H](n3ccc(=O)[nH]c3=O)[C@H](O)[C@@H]2O)O[C@H](CO)[C@@H](O)[C@@H]1O.CC(=O)N[C@H]1[C@H](O[*])O[C@H](CO)[C@@H](O[C@@H]2O[C@H](CO)[C@H](O)[C@H](O)[C@H]2O)[C@@H]1O>>O=c1ccn([C@@H]2O[C@H](COP(=O)([O-])OP(=O)([O-])[O-])[C@@H](O)[C@H]2O)c(=O)[nH]1.CC(=O)N[C@H]1[C@H](O[C@H]2[C@@H](O)[C@@H](CO)O[C@@H](O[C@@H]3[C@@H](CO)O[C@@H](O[*])[C@H](NC(C)=O)[C@H]3O)[C@@H]2O)O[C@H](CO)[C@@H](O)[C@@H]1O
89,45.824192,Q1RLK6,N-acetyllactosaminide beta-1;3-N-acetylglucosaminyltransferase 4,Mus musculus OX=10090,39,MNXR115103,MNXR147824_1.0_0.7004838444515933|MNXR174084_0.8564034390212679_0.7004838444515933,2.4.1.149,2.0,0.0,1.00000,0.700484,1,0.850242,34.4,25.7,24.9,19.8,39872.65,8.8417,39.714,*O[C@@H]1O[C@H](CO)[C@@H](O[C@@H]2O[C@H](CO)[C@H](O)[C@H](O[C@@H]3O[C@H](CO)[C@@H](O)[C@H](O)[C@H]3NC(C)=O)[C@H]2O)[C@H](O)[C@H]1NC(C)=O.O=c1ccn([C@@H]2O[C@H](COP(=O)([O-])OP(=O)([O-])[O-])[C@@H](O)[C@H]2O)c(=O)[nH]1>>*O[C@@H]1O[C@H](CO)[C@@H](O[C@@H]2O[C@H](CO)[C@H](O)[C@H](O)[C@H]2O)[C@H](O)[C@H]1NC(C)=O.CC(=O)N[C@H]1[C@@H](OP(=O)([O-])OP(=O)([O-])OC[C@H]2O[C@@H](n3ccc(=O)[nH]c3=O)[C@H](O)[C@@H]2O)O[C@H](CO)[C@@H](O)[C@@H]1O,CC(=O)N[C@H]1[C@@H](OP(=O)([O-])OP(=O)([O-])OC[C@H]2O[C@@H](n3ccc(=O)[nH]c3=O)[C@H](O)[C@@H]2O)O[C@H](CO)[C@@H](O)[C@@H]1O.CC(=O)N[C@H]1[C@H](O[*])O[C@H](CO)[C@@H](O[C@@H]2O[C@H](CO)[C@H](O)[C@H](O)[C@H]2O)[C@@H]1O>>O=c1ccn([C@@H]2O[C@H](COP(=O)([O-])OP(=O)([O-])[O-])[C@@H](O)[C@H]2O)c(=O)[nH]1.CC(=O)N[C@H]1[C@H](O[C@H]2[C@@H](O)[C@@H](CO)O[C@@H](O[C@@H]3[C@@H](CO)O[C@@H](O[*])[C@H](NC(C)=O)[C@H]3O)[C@@H]2O)O[C@H](CO)[C@@H](O)[C@@H]1O
90,45.824192,Q5JCS9,N-acetyllactosaminide beta-1;3-N-acetylglucosaminyltransferase 3,Mus musculus OX=10090,39,MNXR115103,MNXR147824_1.0_0.7004838444515933|MNXR174084_0.8564034390212679_0.7004838444515933|MNXR148860_0.7231316143833886_0.7004838444515933|MNXR148861_0.7231316143833886_0.7004838444515933|MNXR174081_0.7061210606130587_0.7004838444515933|MNXR115101_0.6875861241695197_0.7004838444515933,2.4.1.149,2.0,0.0,1.00000,0.700484,1,0.850242,26.4,23.0,32.6,22.5,42586.33,8.9187,40.323,*O[C@@H]1O[C@H](CO)[C@@H](O[C@@H]2O[C@H](CO)[C@H](O)[C@H](O[C@@H]3O[C@H](CO)[C@@H](O)[C@H](O)[C@H]3NC(C)=O)[C@H]2O)[C@H](O)[C@H]1NC(C)=O.O=c1ccn([C@@H]2O[C@H](COP(=O)([O-])OP(=O)([O-])[O-])[C@@H](O)[C@H]2O)c(=O)[nH]1>>*O[C@@H]1O[C@H](CO)[C@@H](O[C@@H]2O[C@H](CO)[C@H](O)[C@H](O)[C@H]2O)[C@H](O)[C@H]1NC(C)=O.CC(=O)N[C@H]1[C@@H](OP(=O)([O-])OP(=O)([O-])OC[C@H]2O[C@@H](n3ccc(=O)[nH]c3=O)[C@H](O)[C@@H]2O)O[C@H](CO)[C@@H](O)[C@@H]1O,CC(=O)N[C@H]1[C@@H](OP(=O)([O-])OP(=O)([O-])OC[C@H]2O[C@@H](n3ccc(=O)[nH]c3=O)[C@H](O)[C@@H]2O)O[C@H](CO)[C@@H](O)[C@@H]1O.CC(=O)N[C@H]1[C@H](O[*])O[C@H](CO)[C@@H](O[C@@H]2O[C@H](CO)[C@H](O)[C@H](O)[C@H]2O)[C@@H]1O>>O=c1ccn([C@@H]2O[C@H](COP(=O)([O-])OP(=O)([O-])[O-])[C@@H](O)[C@H]2O)c(=O)[nH]1.CC(=O)N[C@H]1[C@H](O[C@H]2[C@@H](O)[C@@H](CO)O[C@@H](O[C@@H]3[C@@H](CO)O[C@@H](O[*])[C@H](NC(C)=O)[C@H]3O)[C@@H]2O)O[C@H](CO)[C@@H](O)[C@@H]1O
91,43.443692,Q9XGM8,Alpha-1;3-mannosyl-glycoprotein 2-beta-N-acetylglucosaminyltransferase,Arabidopsis thaliana OX=3702,29,MNXR174057,-,2.4.1.101,1.0,0.0,0.75039,0.700484,1,0.725437,39.7,22.4,24.3,17.3,51634.03,8.2458,47.523,*O[C@@H]1O[C@H](CO)[C@@H](O[C@@H]2O[C@H](CO)[C@H](O)[C@H](O[C@@H]3O[C@H](CO)[C@@H](O)[C@H](O)[C@H]3NC(C)=O)[C@H]2O)[C@H](O)[C@H]1NC(C)=O.O=c1ccn([C@@H]2O[C@H](COP(=O)([O-])OP(=O)([O-])[O-])[C@@H](O)[C@H]2O)c(=O)[nH]1>>*O[C@@H]1O[C@H](CO)[C@@H](O[C@@H]2O[C@H](CO)[C@H](O)[C@H](O)[C@H]2O)[C@H](O)[C@H]1NC(C)=O.CC(=O)N[C@H]1[C@@H](OP(=O)([O-])OP(=O)([O-])OC[C@H]2O[C@@H](n3ccc(=O)[nH]c3=O)[C@H](O)[C@@H]2O)O[C@H](CO)[C@@H](O)[C@@H]1O,CC(=O)N[C@H]1[C@@H](OP(=O)([O-])OP(=O)([O-])OC[C@H]2O[C@@H](n3ccc(=O)[nH]c3=O)[C@H](O)[C@@H]2O)O[C@H](CO)[C@@H](O)[C@@H]1O.[*]O[C@@H]1O[C@H](CO)[C@@H](O)C(O[C@H]2O[C@H](CO)[C@@H](O)[C@H](O)[C@@H]2O)[C@@H]1O>>CC(=O)N[C@H]1C(O[C@@H]2C(O[C@@H]3[C@H](O)[C@H](O[*])O[C@H](CO)[C@H]3O)O[C@H](CO)[C@@H](O)[C@@H]2O)O[C@H](CO)[C@@H](O)[C@@H]1O.O=c1ccn([C@@H]2O[C@H](COP(=O)([O-])OP(=O)([O-])[O-])[C@@H](O)[C@H]2O)c(=O)[nH]1
92,42.276692,Q7YQE1,Beta-1;3-galactosyl-O-glycosyl-glycoprotein beta-1;6-N-acetylglucosaminyltransferase 3,Bos taurus OX=9913,37,MNXR147825,MNXR147826_0.8870528923697143_0.7004838444515933|MNXR165876_0.8870528923697143_0.7004838444515933|MNXR148807_0.7552431733624011_0.7004838444515933|MNXR148808_0.7552431733624011_0.7004838444515933|MNXR174058_0.7552431733624011_0.7004838444515933|MNXR153246_0.7296983980640462_0.7004838444515933|MNXR174085_0.7213110869998675_0.7004838444515933|MNXR151423_0.716094973813547_0.7004838444515933|MNXR153247_0.7030371293838377_0.7004838444515933|MNXR183675_0.7030371293838377_0.7004838444515933|MNXR151422_0.6943838930206868_0.7004838444515933,2.4.1.150,1.0,0.0,0.88705,0.700484,1,0.793768,42.0,18.9,26.9,16.0,50953.07,8.6497,45.227,*O[C@@H]1O[C@H](CO)[C@@H](O[C@@H]2O[C@H](CO)[C@H](O)[C@H](O[C@@H]3O[C@H](CO)[C@@H](O)[C@H](O)[C@H]3NC(C)=O)[C@H]2O)[C@H](O)[C@H]1NC(C)=O.O=c1ccn([C@@H]2O[C@H](COP(=O)([O-])OP(=O)([O-])[O-])[C@@H](O)[C@H]2O)c(=O)[nH]1>>*O[C@@H]1O[C@H](CO)[C@@H](O[C@@H]2O[C@H](CO)[C@H](O)[C@H](O)[C@H]2O)[C@H](O)[C@H]1NC(C)=O.CC(=O)N[C@H]1[C@@H](OP(=O)([O-])OP(=O)([O-])OC[C@H]2O[C@@H](n3ccc(=O)[nH]c3=O)[C@H](O)[C@@H]2O)O[C@H](CO)[C@@H](O)[C@@H]1O,CC(=O)N[C@H]1[C@@H](OP(=O)([O-])OP(=O)([O-])OC[C@H]2O[C@@H](n3ccc(=O)[nH]c3=O)[C@H](O)[C@@H]2O)O[C@H](CO)[C@@H](O)[C@@H]1O.CC(=O)N[C@H]1[C@H](O[*])O[C@H](CO)[C@@H](O[C@@H]2O[C@H](CO)[C@H](O)[C@H](O)[C@H]2O)[C@@H]1O>>CC(=O)N[C@H]1[C@H](O[*])O[C@H](CO)[C@@H](O[C@@H]2O[C@H](CO[C@@H]3O[C@H](CO)[C@@H](O)[C@H](O)[C@H]3NC(C)=O)[C@H](O)[C@H](O)[C@H]2O)[C@@H]1O.O=c1ccn([C@@H]2O[C@H](COP(=O)([O-])OP(=O)([O-])[O-])[C@@H](O)[C@H]2O)c(=O)[nH]1
93,42.076692,Q1M0V6,Beta-1;3-galactosyl-O-glycosyl-glycoprotein beta-1;6-N-acetylglucosaminyltransferase 3,Bubalus bubalis OX=89462,37,MNXR147825,MNXR147826_0.8870528923697143_0.7004838444515933|MNXR165876_0.8870528923697143_0.7004838444515933|MNXR148807_0.7552431733624011_0.7004838444515933|MNXR148808_0.7552431733624011_0.7004838444515933|MNXR174058_0.7552431733624011_0.7004838444515933|MNXR153246_0.7296983980640462_0.7004838444515933|MNXR174085_0.7213110869998675_0.7004838444515933|MNXR151423_0.716094973813547_0.7004838444515933|MNXR153247_0.7030371293838377_0.7004838444515933|MNXR183675_0.7030371293838377_0.7004838444515933|MNXR151422_0.6943838930206868_0.7004838444515933,2.4.1.150,3.0,0.0,0.88705,0.700484,1,0.793768,42.0,19.1,26.7,16.0,51008.15,8.7470,45.227,*O[C@@H]1O[C@H](CO)[C@@H](O[C@@H]2O[C@H](CO)[C@H](O)[C@H](O[C@@H]3O[C@H](CO)[C@@H](O)[C@H](O)[C@H]3NC(C)=O)[C@H]2O)[C@H](O)[C@H]1NC(C)=O.O=c1ccn([C@@H]2O[C@H](COP(=O)([O-])OP(=O)([O-])[O-])[C@@H](O)[C@H]2O)c(=O)[nH]1>>*O[C@@H]1O[C@H](CO)[C@@H](O[C@@H]2O[C@H](CO)[C@H](O)[C@H](O)[C@H]2O)[C@H](O)[C@H]1NC(C)=O.CC(=O)N[C@H]1[C@@H](OP(=O)([O-])OP(=O)([O-])OC[C@H]2O[C@@H](n3ccc(=O)[nH]c3=O)[C@H](O)[C@@H]2O)O[C@H](CO)[C@@H](O)[C@@H]1O,CC(=O)N[C@H]1[C@@H](OP(=O)([O-])OP(=O)([O-])OC[C@H]2O[C@@H](n3ccc(=O)[nH]c3=O)[C@H](O)[C@@H]2O)O[C@H](CO)[C@@H](O)[C@@H]1O.CC(=O)N[C@H]1[C@H](O[*])O[C@H](CO)[C@@H](O[C@@H]2O[C@H](CO)[C@H](O)[C@H](O)[C@H]2O)[C@@H]1O>>CC(=O)N[C@H]1[C@H](O[*])O[C@H](CO)[C@@H](O[C@@H]2O[C@H](CO[C@@H]3O[C@H](CO)[C@@H](O)[C@H](O)[C@H]3NC(C)=O)[C@H](O)[C@H](O)[C@H]2O)[C@@H]1O.O=c1ccn([C@@H]2O[C@H](COP(=O)([O-])OP(=O)([O-])[O-])[C@@H](O)[C@H]2O)c(=O)[nH]1
94,42.076692,Q866Z6,Beta-1;3-galactosyl-O-glycosyl-glycoprotein beta-1;6-N-acetylglucosaminyltransferase 3,Ovis aries OX=9940,37,MNXR147825,MNXR147826_0.8870528923697143_0.7004838444515933|MNXR165876_0.8870528923697143_0.7004838444515933|MNXR148807_0.7552431733624011_0.7004838444515933|MNXR148808_0.7552431733624011_0.7004838444515933|MNXR174058_0.7552431733624011_0.7004838444515933|MNXR153246_0.7296983980640462_0.7004838444515933|MNXR174085_0.7213110869998675_0.7004838444515933|MNXR151423_0.716094973813547_0.7004838444515933|MNXR153247_0.7030371293838377_0.7004838444515933|MNXR183675_0.7030371293838377_0.7004838444515933|MNXR151422_0.6943838930206868_0.7004838444515933,2.4.1.150,3.0,0.0,0.88705,0.700484,1,0.793768,42.0,18.9,27.4,15.6,50859.97,8.6531,45.455,*O[C@@H]1O[C@H](CO)[C@@H](O[C@@H]2O[C@H](CO)[C@H](O)[C@H](O[C@@H]3O[C@H](CO)[C@@H](O)[C@H](O)[C@H]3NC(C)=O)[C@H]2O)[C@H](O)[C@H]1NC(C)=O.O=c1ccn([C@@H]2O[C@H](COP(=O)([O-])OP(=O)([O-])[O-])[C@@H](O)[C@H]2O)c(=O)[nH]1>>*O[C@@H]1O[C@H](CO)[C@@H](O[C@@H]2O[C@H](CO)[C@H](O)[C@H](O)[C@H]2O)[C@H](O)[C@H]1NC(C)=O.CC(=O)N[C@H]1[C@@H](OP(=O)([O-])OP(=O)([O-])OC[C@H]2O[C@@H](n3ccc(=O)[nH]c3=O)[C@H](O)[C@@H]2O)O[C@H](CO)[C@@H](O)[C@@H]1O,CC(=O)N[C@H]1[C@@H](OP(=O)([O-])OP(=O)([O-])OC[C@H]2O[C@@H](n3ccc(=O)[nH]c3=O)[C@H](O)[C@@H]2O)O[C@H](CO)[C@@H](O)[C@@H]1O.CC(=O)N[C@H]1[C@H](O[*])O[C@H](CO)[C@@H](O[C@@H]2O[C@H](CO)[C@H](O)[C@H](O)[C@H]2O)[C@@H]1O>>CC(=O)N[C@H]1[C@H](O[*])O[C@H](CO)[C@@H](O[C@@H]2O[C@H](CO[C@@H]3O[C@H](CO)[C@@H](O)[C@H](O)[C@H]3NC(C)=O)[C@H](O)[C@H](O)[C@H]2O)[C@@H]1O.O=c1ccn([C@@H]2O[C@H](COP(=O)([O-])OP(=O)([O-])[O-])[C@@H](O)[C@H]2O)c(=O)[nH]1
95,42.076692,Q866Z4,Beta-1;3-galactosyl-O-glycosyl-glycoprotein beta-1;6-N-acetylglucosaminyltransferase 3,Syncerus caffer OX=9970,37,MNXR147825,MNXR147826_0.8870528923697143_0.7004838444515933|MNXR165876_0.8870528923697143_0.7004838444515933|MNXR148807_0.7552431733624011_0.7004838444515933|MNXR148808_0.7552431733624011_0.7004838444515933|MNXR174058_0.7552431733624011_0.7004838444515933|MNXR153246_0.7296983980640462_0.7004838444515933|MNXR174085_0.7213110869998675_0.7004838444515933|MNXR151423_0.716094973813547_0.7004838444515933|MNXR153247_0.7030371293838377_0.7004838444515933|MNXR183675_0.7030371293838377_0.7004838444515933|MNXR151422_0.6943838930206868_0.7004838444515933,2.4.1.150,3.0,0.0,0.88705,0.700484,1,0.793768,41.0,19.3,28.1,15.3,51079.22,8.6457,45.227,*O[C@@H]1O[C@H](CO)[C@@H](O[C@@H]2O[C@H](CO)[C@H](O)[C@H](O[C@@H]3O[C@H](CO)[C@@H](O)[C@H](O)[C@H]3NC(C)=O)[C@H]2O)[C@H](O)[C@H]1NC(C)=O.O=c1ccn([C@@H]2O[C@H](COP(=O)([O-])OP(=O)([O-])[O-])[C@@H](O)[C@H]2O)c(=O)[nH]1>>*O[C@@H]1O[C@H](CO)[C@@H](O[C@@H]2O[C@H](CO)[C@H](O)[C@H](O)[C@H]2O)[C@H](O)[C@H]1NC(C)=O.CC(=O)N[C@H]1[C@@H](OP(=O)([O-])OP(=O)([O-])OC[C@H]2O[C@@H](n3ccc(=O)[nH]c3=O)[C@H](O)[C@@H]2O)O[C@H](CO)[C@@H](O)[C@@H]1O,CC(=O)N[C@H]1[C@@H](OP(=O)([O-])OP(=O)([O-])OC[C@H]2O[C@@H](n3ccc(=O)[nH]c3=O)[C@H](O)[C@@H]2O)O[C@H](CO)[C@@H](O)[C@@H]1O.CC(=O)N[C@H]1[C@H](O[*])O[C@H](CO)[C@@H](O[C@@H]2O[C@H](CO)[C@H](O)[C@H](O)[C@H]2O)[C@@H]1O>>CC(=O)N[C@H]1[C@H](O[*])O[C@H](CO)[C@@H](O[C@@H]2O[C@H](CO[C@@H]3O[C@H](CO)[C@@H](O)[C@H](O)[C@H]3NC(C)=O)[C@H](O)[C@H](O)[C@H]2O)[C@@H]1O.O=c1ccn([C@@H]2O[C@H](COP(=O)([O-])OP(=O)([O-])[O-])[C@@H](O)[C@H]2O)c(=O)[nH]1
96,42.076692,Q866Z5,Beta-1;3-galactosyl-O-glycosyl-glycoprotein beta-1;6-N-acetylglucosaminyltransferase 3,Bos mutus grunniens OX=30521,37,MNXR147825,MNXR147826_0.8870528923697143_0.7004838444515933|MNXR165876_0.8870528923697143_0.7004838444515933|MNXR148807_0.7552431733624011_0.7004838444515933|MNXR148808_0.7552431733624011_0.7004838444515933|MNXR174058_0.7552431733624011_0.7004838444515933|MNXR153246_0.7296983980640462_0.7004838444515933|MNXR174085_0.7213110869998675_0.7004838444515933|MNXR151423_0.716094973813547_0.7004838444515933|MNXR153247_0.7030371293838377_0.7004838444515933|MNXR183675_0.7030371293838377_0.7004838444515933|MNXR151422_0.6943838930206868_0.7004838444515933,2.4.1.150,3.0,0.0,0.88705,0.700484,1,0.793768,40.3,20.0,27.1,16.3,50908.95,8.6497,45.455,*O[C@@H]1O[C@H](CO)[C@@H](O[C@@H]2O[C@H](CO)[C@H](O)[C@H](O[C@@H]3O[C@H](CO)[C@@H](O)[C@H](O)[C@H]3NC(C)=O)[C@H]2O)[C@H](O)[C@H]1NC(C)=O.O=c1ccn([C@@H]2O[C@H](COP(=O)([O-])OP(=O)([O-])[O-])[C@@H](O)[C@H]2O)c(=O)[nH]1>>*O[C@@H]1O[C@H](CO)[C@@H](O[C@@H]2O[C@H](CO)[C@H](O)[C@H](O)[C@H]2O)[C@H](O)[C@H]1NC(C)=O.CC(=O)N[C@H]1[C@@H](OP(=O)([O-])OP(=O)([O-])OC[C@H]2O[C@@H](n3ccc(=O)[nH]c3=O)[C@H](O)[C@@H]2O)O[C@H](CO)[C@@H](O)[C@@H]1O,CC(=O)N[C@H]1[C@@H](OP(=O)([O-])OP(=O)([O-])OC[C@H]2O[C@@H](n3ccc(=O)[nH]c3=O)[C@H](O)[C@@H]2O)O[C@H](CO)[C@@H](O)[C@@H]1O.CC(=O)N[C@H]1[C@H](O[*])O[C@H](CO)[C@@H](O[C@@H]2O[C@H](CO)[C@H](O)[C@H](O)[C@H]2O)[C@@H]1O>>CC(=O)N[C@H]1[C@H](O[*])O[C@H](CO)[C@@H](O[C@@H]2O[C@H](CO[C@@H]3O[C@H](CO)[C@@H](O)[C@H](O)[C@H]3NC(C)=O)[C@H](O)[C@H](O)[C@H]2O)[C@@H]1O.O=c1ccn([C@@H]2O[C@H](COP(=O)([O-])OP(=O)([O-])[O-])[C@@H](O)[C@H]2O)c(=O)[nH]1
97,41.276692,Q8CH87,Beta-1;3-galactosyl-O-glycosyl-glycoprotein beta-1;6-N-acetylglucosaminyltransferase 3,Rattus norvegicus OX=10116,38,MNXR147825,MNXR147826_0.8870528923697143_0.7004838444515933|MNXR165876_0.8870528923697143_0.7004838444515933|MNXR148807_0.7552431733624011_0.7004838444515933|MNXR148808_0.7552431733624011_0.7004838444515933|MNXR174058_0.7552431733624011_0.7004838444515933|MNXR153246_0.7296983980640462_0.7004838444515933|MNXR174085_0.7213110869998675_0.7004838444515933|MNXR151423_0.716094973813547_0.7004838444515933|MNXR153247_0.7030371293838377_0.7004838444515933|MNXR183675_0.7030371293838377_0.7004838444515933|MNXR151422_0.6943838930206868_0.7004838444515933,2.4.1.150,1.0,0.0,0.88705,0.700484,1,0.793768,44.2,16.6,27.6,15.4,50641.98,7.2008,48.284,*O[C@@H]1O[C@H](CO)[C@@H](O[C@@H]2O[C@H](CO)[C@H](O)[C@H](O[C@@H]3O[C@H](CO)[C@@H](O)[C@H](O)[C@H]3NC(C)=O)[C@H]2O)[C@H](O)[C@H]1NC(C)=O.O=c1ccn([C@@H]2O[C@H](COP(=O)([O-])OP(=O)([O-])[O-])[C@@H](O)[C@H]2O)c(=O)[nH]1>>*O[C@@H]1O[C@H](CO)[C@@H](O[C@@H]2O[C@H](CO)[C@H](O)[C@H](O)[C@H]2O)[C@H](O)[C@H]1NC(C)=O.CC(=O)N[C@H]1[C@@H](OP(=O)([O-])OP(=O)([O-])OC[C@H]2O[C@@H](n3ccc(=O)[nH]c3=O)[C@H](O)[C@@H]2O)O[C@H](CO)[C@@H](O)[C@@H]1O,CC(=O)N[C@H]1[C@@H](OP(=O)([O-])OP(=O)([O-])OC[C@H]2O[C@@H](n3ccc(=O)[nH]c3=O)[C@H](O)[C@@H]2O)O[C@H](CO)[C@@H](O)[C@@H]1O.CC(=O)N[C@H]1[C@H](O[*])O[C@H](CO)[C@@H](O[C@@H]2O[C@H](CO)[C@H](O)[C@H](O)[C@H]2O)[C@@H]1O>>CC(=O)N[C@H]1[C@H](O[*])O[C@H](CO)[C@@H](O[C@@H]2O[C@H](CO[C@@H]3O[C@H](CO)[C@@H](O)[C@H](O)[C@H]3NC(C)=O)[C@H](O)[C@H](O)[C@H]2O)[C@@H]1O.O=c1ccn([C@@H]2O[C@H](COP(=O)([O-])OP(=O)([O-])[O-])[C@@H](O)[C@H]2O)c(=O)[nH]1
98,40.276692,Q8N0V5,N-acetyllactosaminide beta-1;6-N-acetylglucosaminyl-transferase,Homo sapiens OX=9606,39,MNXR147825,MNXR147826_0.8870528923697143_0.7004838444515933|MNXR165876_0.8870528923697143_0.7004838444515933|MNXR174085_0.7213110869998675_0.7004838444515933,2.4.1.150,1.0,0.0,0.88705,0.700484,1,0.793768,42.5,20.2,21.5,19.9,45873.47,7.1960,44.527,*O[C@@H]1O[C@H](CO)[C@@H](O[C@@H]2O[C@H](CO)[C@H](O)[C@H](O[C@@H]3O[C@H](CO)[C@@H](O)[C@H](O)[C@H]3NC(C)=O)[C@H]2O)[C@H](O)[C@H]1NC(C)=O.O=c1ccn([C@@H]2O[C@H](COP(=O)([O-])OP(=O)([O-])[O-])[C@@H](O)[C@H]2O)c(=O)[nH]1>>*O[C@@H]1O[C@H](CO)[C@@H](O[C@@H]2O[C@H](CO)[C@H](O)[C@H](O)[C@H]2O)[C@H](O)[C@H]1NC(C)=O.CC(=O)N[C@H]1[C@@H](OP(=O)([O-])OP(=O)([O-])OC[C@H]2O[C@@H](n3ccc(=O)[nH]c3=O)[C@H](O)[C@@H]2O)O[C@H](CO)[C@@H](O)[C@@H]1O,CC(=O)N[C@H]1[C@@H](OP(=O)([O-])OP(=O)([O-])OC[C@H]2O[C@@H](n3ccc(=O)[nH]c3=O)[C@H](O)[C@@H]2O)O[C@H](CO)[C@@H](O)[C@@H]1O.CC(=O)N[C@H]1[C@H](O[*])O[C@H](CO)[C@@H](O[C@@H]2O[C@H](CO)[C@H](O)[C@H](O)[C@H]2O)[C@@H]1O>>CC(=O)N[C@H]1[C@H](O[*])O[C@H](CO)[C@@H](O[C@@H]2O[C@H](CO[C@@H]3O[C@H](CO)[C@@H](O)[C@H](O)[C@H]3NC(C)=O)[C@H](O)[C@H](O)[C@H]2O)[C@@H]1O.O=c1ccn([C@@H]2O[C@H](COP(=O)([O-])OP(=O)([O-])[O-])[C@@H](O)[C@H]2O)c(=O)[nH]1
99,40.176692,O95395,Beta-1;3-galactosyl-O-glycosyl-glycoprotein beta-1;6-N-acetylglucosaminyltransferase 3,Homo sapiens OX=9606,39,MNXR147825,MNXR147826_0.8870528923697143_0.7004838444515933|MNXR165876_0.8870528923697143_0.7004838444515933|MNXR148807_0.7552431733624011_0.7004838444515933|MNXR148808_0.7552431733624011_0.7004838444515933|MNXR174058_0.7552431733624011_0.7004838444515933|MNXR153246_0.7296983980640462_0.7004838444515933|MNXR174085_0.7213110869998675_0.7004838444515933|MNXR151423_0.716094973813547_0.7004838444515933|MNXR153247_0.7030371293838377_0.7004838444515933|MNXR183675_0.7030371293838377_0.7004838444515933|MNXR151422_0.6943838930206868_0.7004838444515933,2.4.1.150,2.0,0.0,0.88705,0.700484,1,0.793768,43.6,18.5,24.9,16.8,50863.58,8.3506,47.260,*O[C@@H]1O[C@H](CO)[C@@H](O[C@@H]2O[C@H](CO)[C@H](O)[C@H](O[C@@H]3O[C@H](CO)[C@@H](O)[C@H](O)[C@H]3NC(C)=O)[C@H]2O)[C@H](O)[C@H]1NC(C)=O.O=c1ccn([C@@H]2O[C@H](COP(=O)([O-])OP(=O)([O-])[O-])[C@@H](O)[C@H]2O)c(=O)[nH]1>>*O[C@@H]1O[C@H](CO)[C@@H](O[C@@H]2O[C@H](CO)[C@H](O)[C@H](O)[C@H]2O)[C@H](O)[C@H]1NC(C)=O.CC(=O)N[C@H]1[C@@H](OP(=O)([O-])OP(=O)([O-])OC[C@H]2O[C@@H](n3ccc(=O)[nH]c3=O)[C@H](O)[C@@H]2O)O[C@H](CO)[C@@H](O)[C@@H]1O,CC(=O)N[C@H]1[C@@H](OP(=O)([O-])OP(=O)([O-])OC[C@H]2O[C@@H](n3ccc(=O)[nH]c3=O)[C@H](O)[C@@H]2O)O[C@H](CO)[C@@H](O)[C@@H]1O.CC(=O)N[C@H]1[C@H](O[*])O[C@H](CO)[C@@H](O[C@@H]2O[C@H](CO)[C@H](O)[C@H](O)[C@H]2O)[C@@H]1O>>CC(=O)N[C@H]1[C@H](O[*])O[C@H](CO)[C@@H](O[C@@H]2O[C@H](CO[C@@H]3O[C@H](CO)[C@@H](O)[C@H](O)[C@H]3NC(C)=O)[C@H](O)[C@H](O)[C@H]2O)[C@@H]1O.O=c1ccn([C@@H]2O[C@H](COP(=O)([O-])OP(=O)([O-])[O-])[C@@H](O)[C@H]2O)c(=O)[nH]1
100,40.176692,Q5JCT0,Beta-1;3-galactosyl-O-glycosyl-glycoprotein beta-1;6-N-acetylglucosaminyltransferase 3,Mus musculus OX=10090,39,MNXR147825,MNXR147826_0.8870528923697143_0.7004838444515933|MNXR165876_0.8870528923697143_0.7004838444515933|MNXR148807_0.7552431733624011_0.7004838444515933|MNXR148808_0.7552431733624011_0.7004838444515933|MNXR174058_0.7552431733624011_0.7004838444515933|MNXR153246_0.7296983980640462_0.7004838444515933|MNXR174085_0.7213110869998675_0.7004838444515933|MNXR151423_0.716094973813547_0.7004838444515933|MNXR153247_0.7030371293838377_0.7004838444515933|MNXR183675_0.7030371293838377_0.7004838444515933|MNXR151422_0.6943838930206868_0.7004838444515933,2.4.1.150,2.0,0.0,0.88705,0.700484,1,0.793768,46.8,15.7,28.0,13.3,50698.43,8.3524,48.284,*O[C@@H]1O[C@H](CO)[C@@H](O[C@@H]2O[C@H](CO)[C@H](O)[C@H](O[C@@H]3O[C@H](CO)[C@@H](O)[C@H](O)[C@H]3NC(C)=O)[C@H]2O)[C@H](O)[C@H]1NC(C)=O.O=c1ccn([C@@H]2O[C@H](COP(=O)([O-])OP(=O)([O-])[O-])[C@@H](O)[C@H]2O)c(=O)[nH]1>>*O[C@@H]1O[C@H](CO)[C@@H](O[C@@H]2O[C@H](CO)[C@H](O)[C@H](O)[C@H]2O)[C@H](O)[C@H]1NC(C)=O.CC(=O)N[C@H]1[C@@H](OP(=O)([O-])OP(=O)([O-])OC[C@H]2O[C@@H](n3ccc(=O)[nH]c3=O)[C@H](O)[C@@H]2O)O[C@H](CO)[C@@H](O)[C@@H]1O,CC(=O)N[C@H]1[C@@H](OP(=O)([O-])OP(=O)([O-])OC[C@H]2O[C@@H](n3ccc(=O)[nH]c3=O)[C@H](O)[C@@H]2O)O[C@H](CO)[C@@H](O)[C@@H]1O.CC(=O)N[C@H]1[C@H](O[*])O[C@H](CO)[C@@H](O[C@@H]2O[C@H](CO)[C@H](O)[C@H](O)[C@H]2O)[C@@H]1O>>CC(=O)N[C@H]1[C@H](O[*])O[C@H](CO)[C@@H](O[C@@H]2O[C@H](CO[C@@H]3O[C@H](CO)[C@@H](O)[C@H](O)[C@H]3NC(C)=O)[C@H](O)[C@H](O)[C@H]2O)[C@@H]1O.O=c1ccn([C@@H]2O[C@H](COP(=O)([O-])OP(=O)([O-])[O-])[C@@H](O)[C@H]2O)c(=O)[nH]1
101,40.176692,P97402,N-acetyllactosaminide beta-1;6-N-acetylglucosaminyl-transferase,Mus musculus OX=10090,39,MNXR147825,MNXR147826_0.8870528923697143_0.7004838444515933|MNXR165876_0.8870528923697143_0.7004838444515933|MNXR174085_0.7213110869998675_0.7004838444515933,2.4.1.150,2.0,0.0,0.88705,0.700484,1,0.793768,30.1,28.3,24.7,21.0,45696.69,8.1573,42.643,*O[C@@H]1O[C@H](CO)[C@@H](O[C@@H]2O[C@H](CO)[C@H](O)[C@H](O[C@@H]3O[C@H](CO)[C@@H](O)[C@H](O)[C@H]3NC(C)=O)[C@H]2O)[C@H](O)[C@H]1NC(C)=O.O=c1ccn([C@@H]2O[C@H](COP(=O)([O-])OP(=O)([O-])[O-])[C@@H](O)[C@H]2O)c(=O)[nH]1>>*O[C@@H]1O[C@H](CO)[C@@H](O[C@@H]2O[C@H](CO)[C@H](O)[C@H](O)[C@H]2O)[C@H](O)[C@H]1NC(C)=O.CC(=O)N[C@H]1[C@@H](OP(=O)([O-])OP(=O)([O-])OC[C@H]2O[C@@H](n3ccc(=O)[nH]c3=O)[C@H](O)[C@@H]2O)O[C@H](CO)[C@@H](O)[C@@H]1O,CC(=O)N[C@H]1[C@@H](OP(=O)([O-])OP(=O)([O-])OC[C@H]2O[C@@H](n3ccc(=O)[nH]c3=O)[C@H](O)[C@@H]2O)O[C@H](CO)[C@@H](O)[C@@H]1O.CC(=O)N[C@H]1[C@H](O[*])O[C@H](CO)[C@@H](O[C@@H]2O[C@H](CO)[C@H](O)[C@H](O)[C@H]2O)[C@@H]1O>>CC(=O)N[C@H]1[C@H](O[*])O[C@H](CO)[C@@H](O[C@@H]2O[C@H](CO[C@@H]3O[C@H](CO)[C@@H](O)[C@H](O)[C@H]3NC(C)=O)[C@H](O)[C@H](O)[C@H]2O)[C@@H]1O.O=c1ccn([C@@H]2O[C@H](COP(=O)([O-])OP(=O)([O-])[O-])[C@@H](O)[C@H]2O)c(=O)[nH]1
102,38.376934,P50127,N-acetyllactosaminide alpha-1;3-galactosyltransferase,Sus scrofa OX=9823,35,MNXR148793,-,2.4.1.87,2.0,0.0,0.67371,0.797829,1,0.735769,41.7,24.2,20.0,18.6,43763.89,5.9417,45.822,*O[C@@H]1O[C@H](CO)[C@@H](O[C@@H]2O[C@H](CO)[C@H](O)[C@H](O[C@@H]3O[C@H](CO)[C@@H](O)[C@H](O)[C@H]3NC(C)=O)[C@H]2O)[C@H](O)[C@H]1NC(C)=O.O=c1ccn([C@@H]2O[C@H](COP(=O)([O-])OP(=O)([O-])[O-])[C@@H](O)[C@H]2O)c(=O)[nH]1>>*O[C@@H]1O[C@H](CO)[C@@H](O[C@@H]2O[C@H](CO)[C@H](O)[C@H](O)[C@H]2O)[C@H](O)[C@H]1NC(C)=O.CC(=O)N[C@H]1[C@@H](OP(=O)([O-])OP(=O)([O-])OC[C@H]2O[C@@H](n3ccc(=O)[nH]c3=O)[C@H](O)[C@@H]2O)O[C@H](CO)[C@@H](O)[C@@H]1O,CC(=O)N[C@H]1[C@H](O)O[C@H](CO)[C@@H](O[C@@H]2O[C@H](CO)[C@H](O)[C@H](O)[C@H]2O)[C@@H]1O.O=c1ccn([C@@H]2O[C@H](COP(=O)([O-])OP(=O)([O-])O[C@H]3O[C@H](CO)[C@H](O)[C@H](O)[C@H]3O)[C@@H](O)[C@H]2O)c(=O)[nH]1>>[H+].O=c1ccn([C@@H]2O[C@H](COP(=O)([O-])OP(=O)([O-])[O-])[C@@H](O)[C@H]2O)c(=O)[nH]1.CC(=O)N[C@H]1[C@H](O)O[C@H](CO)[C@@H](O[C@@H]2O[C@H](CO)[C@H](O)[C@H](O[C@H]3O[C@H](CO)[C@H](O)[C@H](O)[C@H]3O)[C@H]2O)[C@@H]1O
103,38.036692,O77783,Exostosin-2,Bos taurus OX=9913,37,MNXR110998,MNXR178078_0.8022461436548831_0.7004838444515933,2.4.1.224,1.0,0.0,0.80225,0.700484,-1,0.751365,32.5,27.8,23.1,18.9,81887.08,6.9635,43.175,*O[C@@H]1O[C@H](CO)[C@@H](O[C@@H]2O[C@H](CO)[C@H](O)[C@H](O[C@@H]3O[C@H](CO)[C@@H](O)[C@H](O)[C@H]3NC(C)=O)[C@H]2O)[C@H](O)[C@H]1NC(C)=O.O=c1ccn([C@@H]2O[C@H](COP(=O)([O-])OP(=O)([O-])[O-])[C@@H](O)[C@H]2O)c(=O)[nH]1>>*O[C@@H]1O[C@H](CO)[C@@H](O[C@@H]2O[C@H](CO)[C@H](O)[C@H](O)[C@H]2O)[C@H](O)[C@H]1NC(C)=O.CC(=O)N[C@H]1[C@@H](OP(=O)([O-])OP(=O)([O-])OC[C@H]2O[C@@H](n3ccc(=O)[nH]c3=O)[C@H](O)[C@@H]2O)O[C@H](CO)[C@@H](O)[C@@H]1O,CC(=O)N[C@H]1[C@@H](O[C@@H]2[C@@H](C(=O)O)O[C@@H](O[C@@H]3[C@@H](CO)O[C@H](O[*])[C@H](NC(C)=O)[C@H]3O)[C@H](O)[C@H]2O)O[C@H](CO)[C@@H](O)[C@@H]1O.O=c1ccn([C@@H]2O[C@H](COP(=O)([O-])OP(=O)([O-])[O-])[C@@H](O)[C@H]2O)c(=O)[nH]1>>CC(=O)N[C@H]1[C@@H](O[*])O[C@H](CO)[C@@H](O[C@@H]2O[C@H](C(=O)O)[C@@H](O)[C@H](O)[C@H]2O)[C@@H]1O.CC(=O)N[C@H]1[C@@H](OP(=O)([O-])OP(=O)([O-])OC[C@H]2O[C@@H](n3ccc(=O)[nH]c3=O)[C@H](O)[C@@H]2O)O[C@H](CO)[C@@H](O)[C@@H]1O
104,37.936692,Q5IGR7,Exostosin-1b,Danio rerio OX=7955,37,MNXR110998,MNXR178078_0.8022461436548831_0.7004838444515933,2.4.1.224,2.0,0.0,0.80225,0.700484,-1,0.751365,26.9,22.8,32.6,20.0,85121.29,9.2169,47.099,*O[C@@H]1O[C@H](CO)[C@@H](O[C@@H]2O[C@H](CO)[C@H](O)[C@H](O[C@@H]3O[C@H](CO)[C@@H](O)[C@H](O)[C@H]3NC(C)=O)[C@H]2O)[C@H](O)[C@H]1NC(C)=O.O=c1ccn([C@@H]2O[C@H](COP(=O)([O-])OP(=O)([O-])[O-])[C@@H](O)[C@H]2O)c(=O)[nH]1>>*O[C@@H]1O[C@H](CO)[C@@H](O[C@@H]2O[C@H](CO)[C@H](O)[C@H](O)[C@H]2O)[C@H](O)[C@H]1NC(C)=O.CC(=O)N[C@H]1[C@@H](OP(=O)([O-])OP(=O)([O-])OC[C@H]2O[C@@H](n3ccc(=O)[nH]c3=O)[C@H](O)[C@@H]2O)O[C@H](CO)[C@@H](O)[C@@H]1O,CC(=O)N[C@H]1[C@@H](O[C@@H]2[C@@H](C(=O)O)O[C@@H](O[C@@H]3[C@@H](CO)O[C@H](O[*])[C@H](NC(C)=O)[C@H]3O)[C@H](O)[C@H]2O)O[C@H](CO)[C@@H](O)[C@@H]1O.O=c1ccn([C@@H]2O[C@H](COP(=O)([O-])OP(=O)([O-])[O-])[C@@H](O)[C@H]2O)c(=O)[nH]1>>CC(=O)N[C@H]1[C@@H](O[*])O[C@H](CO)[C@@H](O[C@@H]2O[C@H](C(=O)O)[C@@H](O)[C@H](O)[C@H]2O)[C@@H]1O.CC(=O)N[C@H]1[C@@H](OP(=O)([O-])OP(=O)([O-])OC[C@H]2O[C@@H](n3ccc(=O)[nH]c3=O)[C@H](O)[C@@H]2O)O[C@H](CO)[C@@H](O)[C@@H]1O
105,37.936692,Q5IGR8,Exostosin-1a,Danio rerio OX=7955,37,MNXR110998,MNXR178078_0.8022461436548831_0.7004838444515933,2.4.1.224,2.0,0.0,0.80225,0.700484,-1,0.751365,27.7,23.0,30.8,20.7,84617.86,8.9512,47.397,*O[C@@H]1O[C@H](CO)[C@@H](O[C@@H]2O[C@H](CO)[C@H](O)[C@H](O[C@@H]3O[C@H](CO)[C@@H](O)[C@H](O)[C@H]3NC(C)=O)[C@H]2O)[C@H](O)[C@H]1NC(C)=O.O=c1ccn([C@@H]2O[C@H](COP(=O)([O-])OP(=O)([O-])[O-])[C@@H](O)[C@H]2O)c(=O)[nH]1>>*O[C@@H]1O[C@H](CO)[C@@H](O[C@@H]2O[C@H](CO)[C@H](O)[C@H](O)[C@H]2O)[C@H](O)[C@H]1NC(C)=O.CC(=O)N[C@H]1[C@@H](OP(=O)([O-])OP(=O)([O-])OC[C@H]2O[C@@H](n3ccc(=O)[nH]c3=O)[C@H](O)[C@@H]2O)O[C@H](CO)[C@@H](O)[C@@H]1O,CC(=O)N[C@H]1[C@@H](O[C@@H]2[C@@H](C(=O)O)O[C@@H](O[C@@H]3[C@@H](CO)O[C@H](O[*])[C@H](NC(C)=O)[C@H]3O)[C@H](O)[C@H]2O)O[C@H](CO)[C@@H](O)[C@@H]1O.O=c1ccn([C@@H]2O[C@H](COP(=O)([O-])OP(=O)([O-])[O-])[C@@H](O)[C@H]2O)c(=O)[nH]1>>CC(=O)N[C@H]1[C@@H](O[*])O[C@H](CO)[C@@H](O[C@@H]2O[C@H](C(=O)O)[C@@H](O)[C@H](O)[C@H]2O)[C@@H]1O.CC(=O)N[C@H]1[C@@H](OP(=O)([O-])OP(=O)([O-])OC[C@H]2O[C@@H](n3ccc(=O)[nH]c3=O)[C@H](O)[C@@H]2O)O[C@H](CO)[C@@H](O)[C@@H]1O
106,37.936692,Q5IGR6,Exostosin-1c,Danio rerio OX=7955,37,MNXR110998,MNXR178078_0.8022461436548831_0.7004838444515933,2.4.1.224,2.0,0.0,0.80225,0.700484,-1,0.751365,24.1,21.9,33.1,23.0,85388.75,9.2178,46.540,*O[C@@H]1O[C@H](CO)[C@@H](O[C@@H]2O[C@H](CO)[C@H](O)[C@H](O[C@@H]3O[C@H](CO)[C@@H](O)[C@H](O)[C@H]3NC(C)=O)[C@H]2O)[C@H](O)[C@H]1NC(C)=O.O=c1ccn([C@@H]2O[C@H](COP(=O)([O-])OP(=O)([O-])[O-])[C@@H](O)[C@H]2O)c(=O)[nH]1>>*O[C@@H]1O[C@H](CO)[C@@H](O[C@@H]2O[C@H](CO)[C@H](O)[C@H](O)[C@H]2O)[C@H](O)[C@H]1NC(C)=O.CC(=O)N[C@H]1[C@@H](OP(=O)([O-])OP(=O)([O-])OC[C@H]2O[C@@H](n3ccc(=O)[nH]c3=O)[C@H](O)[C@@H]2O)O[C@H](CO)[C@@H](O)[C@@H]1O,CC(=O)N[C@H]1[C@@H](O[C@@H]2[C@@H](C(=O)O)O[C@@H](O[C@@H]3[C@@H](CO)O[C@H](O[*])[C@H](NC(C)=O)[C@H]3O)[C@H](O)[C@H]2O)O[C@H](CO)[C@@H](O)[C@@H]1O.O=c1ccn([C@@H]2O[C@H](COP(=O)([O-])OP(=O)([O-])[O-])[C@@H](O)[C@H]2O)c(=O)[nH]1>>CC(=O)N[C@H]1[C@@H](O[*])O[C@H](CO)[C@@H](O[C@@H]2O[C@H](C(=O)O)[C@@H](O)[C@H](O)[C@H]2O)[C@@H]1O.CC(=O)N[C@H]1[C@@H](OP(=O)([O-])OP(=O)([O-])OC[C@H]2O[C@@H](n3ccc(=O)[nH]c3=O)[C@H](O)[C@@H]2O)O[C@H](CO)[C@@H](O)[C@@H]1O
107,37.936692,A5D7I4,Exostosin-1,Bos taurus OX=9913,37,MNXR110998,MNXR178078_0.8022461436548831_0.7004838444515933,2.4.1.224,2.0,0.0,0.80225,0.700484,-1,0.751365,27.4,23.0,31.8,20.0,86298.81,9.3361,47.185,*O[C@@H]1O[C@H](CO)[C@@H](O[C@@H]2O[C@H](CO)[C@H](O)[C@H](O[C@@H]3O[C@H](CO)[C@@H](O)[C@H](O)[C@H]3NC(C)=O)[C@H]2O)[C@H](O)[C@H]1NC(C)=O.O=c1ccn([C@@H]2O[C@H](COP(=O)([O-])OP(=O)([O-])[O-])[C@@H](O)[C@H]2O)c(=O)[nH]1>>*O[C@@H]1O[C@H](CO)[C@@H](O[C@@H]2O[C@H](CO)[C@H](O)[C@H](O)[C@H]2O)[C@H](O)[C@H]1NC(C)=O.CC(=O)N[C@H]1[C@@H](OP(=O)([O-])OP(=O)([O-])OC[C@H]2O[C@@H](n3ccc(=O)[nH]c3=O)[C@H](O)[C@@H]2O)O[C@H](CO)[C@@H](O)[C@@H]1O,CC(=O)N[C@H]1[C@@H](O[C@@H]2[C@@H](C(=O)O)O[C@@H](O[C@@H]3[C@@H](CO)O[C@H](O[*])[C@H](NC(C)=O)[C@H]3O)[C@H](O)[C@H]2O)O[C@H](CO)[C@@H](O)[C@@H]1O.O=c1ccn([C@@H]2O[C@H](COP(=O)([O-])OP(=O)([O-])[O-])[C@@H](O)[C@H]2O)c(=O)[nH]1>>CC(=O)N[C@H]1[C@@H](O[*])O[C@H](CO)[C@@H](O[C@@H]2O[C@H](C(=O)O)[C@@H](O)[C@H](O)[C@H]2O)[C@@H]1O.CC(=O)N[C@H]1[C@@H](OP(=O)([O-])OP(=O)([O-])OC[C@H]2O[C@@H](n3ccc(=O)[nH]c3=O)[C@H](O)[C@@H]2O)O[C@H](CO)[C@@H](O)[C@@H]1O
108,37.461692,Q5M900,UDP-GalNAc:beta-1;3-N-acetylgalactosaminyltransferase 2,Xenopus tropicalis OX=8364,33,MNXR164302,MNXR113945_0.6959572050414836_0.7004838444515933,2.4.1.313,2.0,0.0,0.71275,0.700484,-1,0.706619,32.8,23.1,22.0,25.4,55985.59,5.5244,45.697,*O[C@@H]1O[C@H](CO)[C@@H](O[C@@H]2O[C@H](CO)[C@H](O)[C@H](O[C@@H]3O[C@H](CO)[C@@H](O)[C@H](O)[C@H]3NC(C)=O)[C@H]2O)[C@H](O)[C@H]1NC(C)=O.O=c1ccn([C@@H]2O[C@H](COP(=O)([O-])OP(=O)([O-])[O-])[C@@H](O)[C@H]2O)c(=O)[nH]1>>*O[C@@H]1O[C@H](CO)[C@@H](O[C@@H]2O[C@H](CO)[C@H](O)[C@H](O)[C@H]2O)[C@H](O)[C@H]1NC(C)=O.CC(=O)N[C@H]1[C@@H](OP(=O)([O-])OP(=O)([O-])OC[C@H]2O[C@@H](n3ccc(=O)[nH]c3=O)[C@H](O)[C@@H]2O)O[C@H](CO)[C@@H](O)[C@@H]1O,CC(=O)N[C@H]1[C@H](O[C@@H]2[C@@H](CO)O[C@H](O[C@@H]([*])[C@H](N[*])C([*])=O)[C@@H](O)[C@H]2O)O[C@H](CO)[C@@H](O)[C@@H]1O[C@@H]1O[C@H](CO)[C@H](O)[C@H](O)[C@H]1NC(C)=O.O=c1ccn([C@@H]2O[C@H](COP(=O)([O-])OP(=O)([O-])[O-])[C@@H](O)[C@H]2O)c(=O)[nH]1>>CC(=O)N[C@H]1[C@H](O[C@@H]2[C@@H](CO)O[C@H](O[C@@H]([*])[C@H](N[*])C([*])=O)[C@@H](O)[C@H]2O)O[C@H](CO)[C@@H](O)[C@@H]1O.CC(=O)N[C@H]1[C@@H](OP(=O)([O-])OP(=O)([O-])OC[C@H]2O[C@@H](n3ccc(=O)[nH]c3=O)[C@H](O)[C@@H]2O)O[C@H](CO)[C@H](O)[C@@H]1O
109,37.461692,Q6NRQ1,UDP-GalNAc:beta-1;3-N-acetylgalactosaminyltransferase 2,Xenopus laevis OX=8355,33,MNXR164302,MNXR113945_0.6959572050414836_0.7004838444515933,2.4.1.313,2.0,0.0,0.71275,0.700484,-1,0.706619,29.6,26.6,20.6,26.6,55701.26,5.5301,45.679,*O[C@@H]1O[C@H](CO)[C@@H](O[C@@H]2O[C@H](CO)[C@H](O)[C@H](O[C@@H]3O[C@H](CO)[C@@H](O)[C@H](O)[C@H]3NC(C)=O)[C@H]2O)[C@H](O)[C@H]1NC(C)=O.O=c1ccn([C@@H]2O[C@H](COP(=O)([O-])OP(=O)([O-])[O-])[C@@H](O)[C@H]2O)c(=O)[nH]1>>*O[C@@H]1O[C@H](CO)[C@@H](O[C@@H]2O[C@H](CO)[C@H](O)[C@H](O)[C@H]2O)[C@H](O)[C@H]1NC(C)=O.CC(=O)N[C@H]1[C@@H](OP(=O)([O-])OP(=O)([O-])OC[C@H]2O[C@@H](n3ccc(=O)[nH]c3=O)[C@H](O)[C@@H]2O)O[C@H](CO)[C@@H](O)[C@@H]1O,CC(=O)N[C@H]1[C@H](O[C@@H]2[C@@H](CO)O[C@H](O[C@@H]([*])[C@H](N[*])C([*])=O)[C@@H](O)[C@H]2O)O[C@H](CO)[C@@H](O)[C@@H]1O[C@@H]1O[C@H](CO)[C@H](O)[C@H](O)[C@H]1NC(C)=O.O=c1ccn([C@@H]2O[C@H](COP(=O)([O-])OP(=O)([O-])[O-])[C@@H](O)[C@H]2O)c(=O)[nH]1>>CC(=O)N[C@H]1[C@H](O[C@@H]2[C@@H](CO)O[C@H](O[C@@H]([*])[C@H](N[*])C([*])=O)[C@@H](O)[C@H]2O)O[C@H](CO)[C@@H](O)[C@@H]1O.CC(=O)N[C@H]1[C@@H](OP(=O)([O-])OP(=O)([O-])OC[C@H]2O[C@@H](n3ccc(=O)[nH]c3=O)[C@H](O)[C@@H]2O)O[C@H](CO)[C@H](O)[C@@H]1O
110,37.443692,P27115,Alpha-1;3-mannosyl-glycoprotein 2-beta-N-acetylglucosaminyltransferase,Oryctolagus cuniculus OX=9986,35,MNXR174057,-,2.4.1.101,1.0,0.0,0.75039,0.700484,1,0.725437,27.1,27.1,26.2,23.2,51540.02,8.6440,42.953,*O[C@@H]1O[C@H](CO)[C@@H](O[C@@H]2O[C@H](CO)[C@H](O)[C@H](O[C@@H]3O[C@H](CO)[C@@H](O)[C@H](O)[C@H]3NC(C)=O)[C@H]2O)[C@H](O)[C@H]1NC(C)=O.O=c1ccn([C@@H]2O[C@H](COP(=O)([O-])OP(=O)([O-])[O-])[C@@H](O)[C@H]2O)c(=O)[nH]1>>*O[C@@H]1O[C@H](CO)[C@@H](O[C@@H]2O[C@H](CO)[C@H](O)[C@H](O)[C@H]2O)[C@H](O)[C@H]1NC(C)=O.CC(=O)N[C@H]1[C@@H](OP(=O)([O-])OP(=O)([O-])OC[C@H]2O[C@@H](n3ccc(=O)[nH]c3=O)[C@H](O)[C@@H]2O)O[C@H](CO)[C@@H](O)[C@@H]1O,CC(=O)N[C@H]1[C@@H](OP(=O)([O-])OP(=O)([O-])OC[C@H]2O[C@@H](n3ccc(=O)[nH]c3=O)[C@H](O)[C@@H]2O)O[C@H](CO)[C@@H](O)[C@@H]1O.[*]O[C@@H]1O[C@H](CO)[C@@H](O)C(O[C@H]2O[C@H](CO)[C@@H](O)[C@H](O)[C@@H]2O)[C@@H]1O>>CC(=O)N[C@H]1C(O[C@@H]2C(O[C@@H]3[C@H](O)[C@H](O[*])O[C@H](CO)[C@H]3O)O[C@H](CO)[C@@H](O)[C@@H]2O)O[C@H](CO)[C@@H](O)[C@@H]1O.O=c1ccn([C@@H]2O[C@H](COP(=O)([O-])OP(=O)([O-])[O-])[C@@H](O)[C@H]2O)c(=O)[nH]1
111,37.376934,Q8HYB2,N-acetyllactosaminide alpha-1;3-galactosyltransferase,Lemur catta OX=9447,36,MNXR148793,-,2.4.1.87,2.0,0.0,0.67371,0.797829,1,0.735769,44.3,22.3,18.9,18.9,44401.63,5.6223,47.733,*O[C@@H]1O[C@H](CO)[C@@H](O[C@@H]2O[C@H](CO)[C@H](O)[C@H](O[C@@H]3O[C@H](CO)[C@@H](O)[C@H](O)[C@H]3NC(C)=O)[C@H]2O)[C@H](O)[C@H]1NC(C)=O.O=c1ccn([C@@H]2O[C@H](COP(=O)([O-])OP(=O)([O-])[O-])[C@@H](O)[C@H]2O)c(=O)[nH]1>>*O[C@@H]1O[C@H](CO)[C@@H](O[C@@H]2O[C@H](CO)[C@H](O)[C@H](O)[C@H]2O)[C@H](O)[C@H]1NC(C)=O.CC(=O)N[C@H]1[C@@H](OP(=O)([O-])OP(=O)([O-])OC[C@H]2O[C@@H](n3ccc(=O)[nH]c3=O)[C@H](O)[C@@H]2O)O[C@H](CO)[C@@H](O)[C@@H]1O,CC(=O)N[C@H]1[C@H](O)O[C@H](CO)[C@@H](O[C@@H]2O[C@H](CO)[C@H](O)[C@H](O)[C@H]2O)[C@@H]1O.O=c1ccn([C@@H]2O[C@H](COP(=O)([O-])OP(=O)([O-])O[C@H]3O[C@H](CO)[C@H](O)[C@H](O)[C@H]3O)[C@@H](O)[C@H]2O)c(=O)[nH]1>>[H+].O=c1ccn([C@@H]2O[C@H](COP(=O)([O-])OP(=O)([O-])[O-])[C@@H](O)[C@H]2O)c(=O)[nH]1.CC(=O)N[C@H]1[C@H](O)O[C@H](CO)[C@@H](O[C@@H]2O[C@H](CO)[C@H](O)[C@H](O[C@H]3O[C@H](CO)[C@H](O)[C@H](O)[C@H]3O)[C@H]2O)[C@@H]1O
112,37.376934,Q8HY56,N-acetyllactosaminide alpha-1;3-galactosyltransferase,Felis catus OX=9685,36,MNXR148793,-,2.4.1.87,2.0,0.0,0.67371,0.797829,1,0.735769,42.4,23.7,19.5,18.9,43568.53,5.0795,46.486,*O[C@@H]1O[C@H](CO)[C@@H](O[C@@H]2O[C@H](CO)[C@H](O)[C@H](O[C@@H]3O[C@H](CO)[C@@H](O)[C@H](O)[C@H]3NC(C)=O)[C@H]2O)[C@H](O)[C@H]1NC(C)=O.O=c1ccn([C@@H]2O[C@H](COP(=O)([O-])OP(=O)([O-])[O-])[C@@H](O)[C@H]2O)c(=O)[nH]1>>*O[C@@H]1O[C@H](CO)[C@@H](O[C@@H]2O[C@H](CO)[C@H](O)[C@H](O)[C@H]2O)[C@H](O)[C@H]1NC(C)=O.CC(=O)N[C@H]1[C@@H](OP(=O)([O-])OP(=O)([O-])OC[C@H]2O[C@@H](n3ccc(=O)[nH]c3=O)[C@H](O)[C@@H]2O)O[C@H](CO)[C@@H](O)[C@@H]1O,CC(=O)N[C@H]1[C@H](O)O[C@H](CO)[C@@H](O[C@@H]2O[C@H](CO)[C@H](O)[C@H](O)[C@H]2O)[C@@H]1O.O=c1ccn([C@@H]2O[C@H](COP(=O)([O-])OP(=O)([O-])O[C@H]3O[C@H](CO)[C@H](O)[C@H](O)[C@H]3O)[C@@H](O)[C@H]2O)c(=O)[nH]1>>[H+].O=c1ccn([C@@H]2O[C@H](COP(=O)([O-])OP(=O)([O-])[O-])[C@@H](O)[C@H]2O)c(=O)[nH]1.CC(=O)N[C@H]1[C@H](O)O[C@H](CO)[C@@H](O[C@@H]2O[C@H](CO)[C@H](O)[C@H](O[C@H]3O[C@H](CO)[C@H](O)[C@H](O)[C@H]3O)[C@H]2O)[C@@H]1O
113,37.376934,A1YGR6,N-acetyllactosaminide alpha-1;3-galactosyltransferase,Loris tardigradus OX=9468,36,MNXR148793,-,2.4.1.87,2.0,0.0,0.67371,0.797829,1,0.735769,42.2,23.3,17.2,21.7,44380.57,5.3312,46.011,*O[C@@H]1O[C@H](CO)[C@@H](O[C@@H]2O[C@H](CO)[C@H](O)[C@H](O[C@@H]3O[C@H](CO)[C@@H](O)[C@H](O)[C@H]3NC(C)=O)[C@H]2O)[C@H](O)[C@H]1NC(C)=O.O=c1ccn([C@@H]2O[C@H](COP(=O)([O-])OP(=O)([O-])[O-])[C@@H](O)[C@H]2O)c(=O)[nH]1>>*O[C@@H]1O[C@H](CO)[C@@H](O[C@@H]2O[C@H](CO)[C@H](O)[C@H](O)[C@H]2O)[C@H](O)[C@H]1NC(C)=O.CC(=O)N[C@H]1[C@@H](OP(=O)([O-])OP(=O)([O-])OC[C@H]2O[C@@H](n3ccc(=O)[nH]c3=O)[C@H](O)[C@@H]2O)O[C@H](CO)[C@@H](O)[C@@H]1O,CC(=O)N[C@H]1[C@H](O)O[C@H](CO)[C@@H](O[C@@H]2O[C@H](CO)[C@H](O)[C@H](O)[C@H]2O)[C@@H]1O.O=c1ccn([C@@H]2O[C@H](COP(=O)([O-])OP(=O)([O-])O[C@H]3O[C@H](CO)[C@H](O)[C@H](O)[C@H]3O)[C@@H](O)[C@H]2O)c(=O)[nH]1>>[H+].O=c1ccn([C@@H]2O[C@H](COP(=O)([O-])OP(=O)([O-])[O-])[C@@H](O)[C@H]2O)c(=O)[nH]1.CC(=O)N[C@H]1[C@H](O)O[C@H](CO)[C@@H](O[C@@H]2O[C@H](CO)[C@H](O)[C@H](O[C@H]3O[C@H](CO)[C@H](O)[C@H](O)[C@H]3O)[C@H]2O)[C@@H]1O
114,37.036692,Q9JK82,Exostosin-1,Cricetulus griseus OX=10029,38,MNXR110998,MNXR178078_0.8022461436548831_0.7004838444515933,2.4.1.224,1.0,0.0,0.80225,0.700484,-1,0.751365,28.2,23.0,31.5,19.5,86188.65,9.2774,46.783,*O[C@@H]1O[C@H](CO)[C@@H](O[C@@H]2O[C@H](CO)[C@H](O)[C@H](O[C@@H]3O[C@H](CO)[C@@H](O)[C@H](O)[C@H]3NC(C)=O)[C@H]2O)[C@H](O)[C@H]1NC(C)=O.O=c1ccn([C@@H]2O[C@H](COP(=O)([O-])OP(=O)([O-])[O-])[C@@H](O)[C@H]2O)c(=O)[nH]1>>*O[C@@H]1O[C@H](CO)[C@@H](O[C@@H]2O[C@H](CO)[C@H](O)[C@H](O)[C@H]2O)[C@H](O)[C@H]1NC(C)=O.CC(=O)N[C@H]1[C@@H](OP(=O)([O-])OP(=O)([O-])OC[C@H]2O[C@@H](n3ccc(=O)[nH]c3=O)[C@H](O)[C@@H]2O)O[C@H](CO)[C@@H](O)[C@@H]1O,CC(=O)N[C@H]1[C@@H](O[C@@H]2[C@@H](C(=O)O)O[C@@H](O[C@@H]3[C@@H](CO)O[C@H](O[*])[C@H](NC(C)=O)[C@H]3O)[C@H](O)[C@H]2O)O[C@H](CO)[C@@H](O)[C@@H]1O.O=c1ccn([C@@H]2O[C@H](COP(=O)([O-])OP(=O)([O-])[O-])[C@@H](O)[C@H]2O)c(=O)[nH]1>>CC(=O)N[C@H]1[C@@H](O[*])O[C@H](CO)[C@@H](O[C@@H]2O[C@H](C(=O)O)[C@@H](O)[C@H](O)[C@H]2O)[C@@H]1O.CC(=O)N[C@H]1[C@@H](OP(=O)([O-])OP(=O)([O-])OC[C@H]2O[C@@H](n3ccc(=O)[nH]c3=O)[C@H](O)[C@@H]2O)O[C@H](CO)[C@@H](O)[C@@H]1O
115,36.875192,A4IID1,Alpha-1;3-mannosyl-glycoprotein 4-beta-N-acetylglucosaminyltransferase A,Xenopus tropicalis OX=8364,33,MNXR148894,MNXR148895_0.7010216941463672_0.7004838444515933,2.4.1.145,2.0,0.0,0.70102,0.700484,1,0.700753,38.5,25.4,14.4,24.8,62007.49,9.0284,47.948,*O[C@@H]1O[C@H](CO)[C@@H](O[C@@H]2O[C@H](CO)[C@H](O)[C@H](O[C@@H]3O[C@H](CO)[C@@H](O)[C@H](O)[C@H]3NC(C)=O)[C@H]2O)[C@H](O)[C@H]1NC(C)=O.O=c1ccn([C@@H]2O[C@H](COP(=O)([O-])OP(=O)([O-])[O-])[C@@H](O)[C@H]2O)c(=O)[nH]1>>*O[C@@H]1O[C@H](CO)[C@@H](O[C@@H]2O[C@H](CO)[C@H](O)[C@H](O)[C@H]2O)[C@H](O)[C@H]1NC(C)=O.CC(=O)N[C@H]1[C@@H](OP(=O)([O-])OP(=O)([O-])OC[C@H]2O[C@@H](n3ccc(=O)[nH]c3=O)[C@H](O)[C@@H]2O)O[C@H](CO)[C@@H](O)[C@@H]1O,CC(=O)N[C@H]1[C@@H](OP(=O)([O-])OP(=O)([O-])OC[C@H]2O[C@@H](n3ccc(=O)[nH]c3=O)[C@H](O)[C@@H]2O)O[C@H](CO)[C@@H](O)[C@@H]1O.CC(=O)N[C@H]1[C@H](O[C@H]2[C@@H](O)[C@H](O)[C@@H](CO)O[C@@H]2O[C@@H]2[C@H](O)[C@H](O[*])O[C@H](CO)[C@H]2O)O[C@H](CO)[C@@H](O)[C@@H]1O>>CC(=O)N[C@H]1[C@H](O[C@H]2[C@H](O)[C@H](O[C@@H]3O[C@H](CO)[C@@H](O)[C@H](O)[C@H]3NC(C)=O)[C@@H](O[C@@H]3[C@H](O)[C@H](O[*])O[C@H](CO)[C@H]3O)O[C@@H]2CO)O[C@H](CO)[C@@H](O)[C@@H]1O.O=c1ccn([C@@H]2O[C@H](COP(=O)([O-])OP(=O)([O-])[O-])[C@@H](O)[C@H]2O)c(=O)[nH]1
116,36.875192,Q6GQI7,Alpha-1;3-mannosyl-glycoprotein 4-beta-N-acetylglucosaminyltransferase A,Xenopus laevis OX=8355,33,MNXR148894,MNXR148895_0.7010216941463672_0.7004838444515933,2.4.1.145,2.0,0.0,0.70102,0.700484,1,0.700753,40.2,23.5,14.4,25.0,62020.45,8.7117,47.948,*O[C@@H]1O[C@H](CO)[C@@H](O[C@@H]2O[C@H](CO)[C@H](O)[C@H](O[C@@H]3O[C@H](CO)[C@@H](O)[C@H](O)[C@H]3NC(C)=O)[C@H]2O)[C@H](O)[C@H]1NC(C)=O.O=c1ccn([C@@H]2O[C@H](COP(=O)([O-])OP(=O)([O-])[O-])[C@@H](O)[C@H]2O)c(=O)[nH]1>>*O[C@@H]1O[C@H](CO)[C@@H](O[C@@H]2O[C@H](CO)[C@H](O)[C@H](O)[C@H]2O)[C@H](O)[C@H]1NC(C)=O.CC(=O)N[C@H]1[C@@H](OP(=O)([O-])OP(=O)([O-])OC[C@H]2O[C@@H](n3ccc(=O)[nH]c3=O)[C@H](O)[C@@H]2O)O[C@H](CO)[C@@H](O)[C@@H]1O,CC(=O)N[C@H]1[C@@H](OP(=O)([O-])OP(=O)([O-])OC[C@H]2O[C@@H](n3ccc(=O)[nH]c3=O)[C@H](O)[C@@H]2O)O[C@H](CO)[C@@H](O)[C@@H]1O.CC(=O)N[C@H]1[C@H](O[C@H]2[C@@H](O)[C@H](O)[C@@H](CO)O[C@@H]2O[C@@H]2[C@H](O)[C@H](O[*])O[C@H](CO)[C@H]2O)O[C@H](CO)[C@@H](O)[C@@H]1O>>CC(=O)N[C@H]1[C@H](O[C@H]2[C@H](O)[C@H](O[C@@H]3O[C@H](CO)[C@@H](O)[C@H](O)[C@H]3NC(C)=O)[C@@H](O[C@@H]3[C@H](O)[C@H](O[*])O[C@H](CO)[C@H]3O)O[C@@H]2CO)O[C@H](CO)[C@@H](O)[C@@H]1O.O=c1ccn([C@@H]2O[C@H](COP(=O)([O-])OP(=O)([O-])[O-])[C@@H](O)[C@H]2O)c(=O)[nH]1
117,36.476934,P14769,N-acetyllactosaminide alpha-1;3-galactosyltransferase,Bos taurus OX=9913,37,MNXR148793,-,2.4.1.87,1.0,0.0,0.67371,0.797829,1,0.735769,46.0,21.9,16.2,20.5,43246.52,6.5166,45.924,*O[C@@H]1O[C@H](CO)[C@@H](O[C@@H]2O[C@H](CO)[C@H](O)[C@H](O[C@@H]3O[C@H](CO)[C@@H](O)[C@H](O)[C@H]3NC(C)=O)[C@H]2O)[C@H](O)[C@H]1NC(C)=O.O=c1ccn([C@@H]2O[C@H](COP(=O)([O-])OP(=O)([O-])[O-])[C@@H](O)[C@H]2O)c(=O)[nH]1>>*O[C@@H]1O[C@H](CO)[C@@H](O[C@@H]2O[C@H](CO)[C@H](O)[C@H](O)[C@H]2O)[C@H](O)[C@H]1NC(C)=O.CC(=O)N[C@H]1[C@@H](OP(=O)([O-])OP(=O)([O-])OC[C@H]2O[C@@H](n3ccc(=O)[nH]c3=O)[C@H](O)[C@@H]2O)O[C@H](CO)[C@@H](O)[C@@H]1O,CC(=O)N[C@H]1[C@H](O)O[C@H](CO)[C@@H](O[C@@H]2O[C@H](CO)[C@H](O)[C@H](O)[C@H]2O)[C@@H]1O.O=c1ccn([C@@H]2O[C@H](COP(=O)([O-])OP(=O)([O-])O[C@H]3O[C@H](CO)[C@H](O)[C@H](O)[C@H]3O)[C@@H](O)[C@H]2O)c(=O)[nH]1>>[H+].O=c1ccn([C@@H]2O[C@H](COP(=O)([O-])OP(=O)([O-])[O-])[C@@H](O)[C@H]2O)c(=O)[nH]1.CC(=O)N[C@H]1[C@H](O)O[C@H](CO)[C@@H](O[C@@H]2O[C@H](CO)[C@H](O)[C@H](O[C@H]3O[C@H](CO)[C@H](O)[C@H](O)[C@H]3O)[C@H]2O)[C@@H]1O
118,36.167692,Q5NDE7,Protein O-linked-mannose beta-1;4-N-acetylglucosaminyltransferase 2,Xenopus laevis OX=8355,33,MNXR164303,-,2.4.1.312,2.0,0.0,0.68687,0.700484,1,0.693676,40.4,22.2,22.1,18.1,66984.57,7.3374,45.329,*O[C@@H]1O[C@H](CO)[C@@H](O[C@@H]2O[C@H](CO)[C@H](O)[C@H](O[C@@H]3O[C@H](CO)[C@@H](O)[C@H](O)[C@H]3NC(C)=O)[C@H]2O)[C@H](O)[C@H]1NC(C)=O.O=c1ccn([C@@H]2O[C@H](COP(=O)([O-])OP(=O)([O-])[O-])[C@@H](O)[C@H]2O)c(=O)[nH]1>>*O[C@@H]1O[C@H](CO)[C@@H](O[C@@H]2O[C@H](CO)[C@H](O)[C@H](O)[C@H]2O)[C@H](O)[C@H]1NC(C)=O.CC(=O)N[C@H]1[C@@H](OP(=O)([O-])OP(=O)([O-])OC[C@H]2O[C@@H](n3ccc(=O)[nH]c3=O)[C@H](O)[C@@H]2O)O[C@H](CO)[C@@H](O)[C@@H]1O,CC(=O)N[C@H]1[C@@H](OP(=O)([O-])OP(=O)([O-])OC[C@H]2O[C@@H](n3ccc(=O)[nH]c3=O)[C@H](O)[C@@H]2O)O[C@H](CO)[C@@H](O)[C@@H]1O.[*]N[C@H](C([*])=O)C([*])O[C@H]1O[C@H](CO)[C@@H](O)[C@H](O)[C@@H]1O>>CC(=O)N[C@H]1[C@H](O[C@@H]2[C@@H](CO)O[C@H](O[C@@H]([*])[C@H](N[*])C([*])=O)[C@@H](O)[C@H]2O)O[C@H](CO)[C@@H](O)[C@@H]1O.O=c1ccn([C@@H]2O[C@H](COP(=O)([O-])OP(=O)([O-])[O-])[C@@H](O)[C@H]2O)c(=O)[nH]1
119,36.036692,P97464,Exostosin-1,Mus musculus OX=10090,39,MNXR110998,MNXR178078_0.8022461436548831_0.7004838444515933,2.4.1.224,1.0,0.0,0.80225,0.700484,-1,0.751365,27.8,23.3,31.9,19.2,86307.81,9.3360,47.051,*O[C@@H]1O[C@H](CO)[C@@H](O[C@@H]2O[C@H](CO)[C@H](O)[C@H](O[C@@H]3O[C@H](CO)[C@@H](O)[C@H](O)[C@H]3NC(C)=O)[C@H]2O)[C@H](O)[C@H]1NC(C)=O.O=c1ccn([C@@H]2O[C@H](COP(=O)([O-])OP(=O)([O-])[O-])[C@@H](O)[C@H]2O)c(=O)[nH]1>>*O[C@@H]1O[C@H](CO)[C@@H](O[C@@H]2O[C@H](CO)[C@H](O)[C@H](O)[C@H]2O)[C@H](O)[C@H]1NC(C)=O.CC(=O)N[C@H]1[C@@H](OP(=O)([O-])OP(=O)([O-])OC[C@H]2O[C@@H](n3ccc(=O)[nH]c3=O)[C@H](O)[C@@H]2O)O[C@H](CO)[C@@H](O)[C@@H]1O,CC(=O)N[C@H]1[C@@H](O[C@@H]2[C@@H](C(=O)O)O[C@@H](O[C@@H]3[C@@H](CO)O[C@H](O[*])[C@H](NC(C)=O)[C@H]3O)[C@H](O)[C@H]2O)O[C@H](CO)[C@@H](O)[C@@H]1O.O=c1ccn([C@@H]2O[C@H](COP(=O)([O-])OP(=O)([O-])[O-])[C@@H](O)[C@H]2O)c(=O)[nH]1>>CC(=O)N[C@H]1[C@@H](O[*])O[C@H](CO)[C@@H](O[C@@H]2O[C@H](C(=O)O)[C@@H](O)[C@H](O)[C@H]2O)[C@@H]1O.CC(=O)N[C@H]1[C@@H](OP(=O)([O-])OP(=O)([O-])OC[C@H]2O[C@@H](n3ccc(=O)[nH]c3=O)[C@H](O)[C@@H]2O)O[C@H](CO)[C@@H](O)[C@@H]1O
120,36.036692,Q16394,Exostosin-1,Homo sapiens OX=9606,39,MNXR110998,MNXR178078_0.8022461436548831_0.7004838444515933,2.4.1.224,1.0,0.0,0.80225,0.700484,-1,0.751365,27.5,23.2,32.1,19.5,86254.75,9.3361,47.051,*O[C@@H]1O[C@H](CO)[C@@H](O[C@@H]2O[C@H](CO)[C@H](O)[C@H](O[C@@H]3O[C@H](CO)[C@@H](O)[C@H](O)[C@H]3NC(C)=O)[C@H]2O)[C@H](O)[C@H]1NC(C)=O.O=c1ccn([C@@H]2O[C@H](COP(=O)([O-])OP(=O)([O-])[O-])[C@@H](O)[C@H]2O)c(=O)[nH]1>>*O[C@@H]1O[C@H](CO)[C@@H](O[C@@H]2O[C@H](CO)[C@H](O)[C@H](O)[C@H]2O)[C@H](O)[C@H]1NC(C)=O.CC(=O)N[C@H]1[C@@H](OP(=O)([O-])OP(=O)([O-])OC[C@H]2O[C@@H](n3ccc(=O)[nH]c3=O)[C@H](O)[C@@H]2O)O[C@H](CO)[C@@H](O)[C@@H]1O,CC(=O)N[C@H]1[C@@H](O[C@@H]2[C@@H](C(=O)O)O[C@@H](O[C@@H]3[C@@H](CO)O[C@H](O[*])[C@H](NC(C)=O)[C@H]3O)[C@H](O)[C@H]2O)O[C@H](CO)[C@@H](O)[C@@H]1O.O=c1ccn([C@@H]2O[C@H](COP(=O)([O-])OP(=O)([O-])[O-])[C@@H](O)[C@H]2O)c(=O)[nH]1>>CC(=O)N[C@H]1[C@@H](O[*])O[C@H](CO)[C@@H](O[C@@H]2O[C@H](C(=O)O)[C@@H](O)[C@H](O)[C@H]2O)[C@@H]1O.CC(=O)N[C@H]1[C@@H](OP(=O)([O-])OP(=O)([O-])OC[C@H]2O[C@@H](n3ccc(=O)[nH]c3=O)[C@H](O)[C@@H]2O)O[C@H](CO)[C@@H](O)[C@@H]1O
121,36.036692,Q92935,Exostosin-like 1,Homo sapiens OX=9606,39,MNXR110998,MNXR178078_0.8022461436548831_0.7004838444515933,2.4.1.224,1.0,0.0,0.80225,0.700484,-1,0.751365,26.2,20.8,28.0,27.4,74696.60,8.2597,40.680,*O[C@@H]1O[C@H](CO)[C@@H](O[C@@H]2O[C@H](CO)[C@H](O)[C@H](O[C@@H]3O[C@H](CO)[C@@H](O)[C@H](O)[C@H]3NC(C)=O)[C@H]2O)[C@H](O)[C@H]1NC(C)=O.O=c1ccn([C@@H]2O[C@H](COP(=O)([O-])OP(=O)([O-])[O-])[C@@H](O)[C@H]2O)c(=O)[nH]1>>*O[C@@H]1O[C@H](CO)[C@@H](O[C@@H]2O[C@H](CO)[C@H](O)[C@H](O)[C@H]2O)[C@H](O)[C@H]1NC(C)=O.CC(=O)N[C@H]1[C@@H](OP(=O)([O-])OP(=O)([O-])OC[C@H]2O[C@@H](n3ccc(=O)[nH]c3=O)[C@H](O)[C@@H]2O)O[C@H](CO)[C@@H](O)[C@@H]1O,CC(=O)N[C@H]1[C@@H](O[C@@H]2[C@@H](C(=O)O)O[C@@H](O[C@@H]3[C@@H](CO)O[C@H](O[*])[C@H](NC(C)=O)[C@H]3O)[C@H](O)[C@H]2O)O[C@H](CO)[C@@H](O)[C@@H]1O.O=c1ccn([C@@H]2O[C@H](COP(=O)([O-])OP(=O)([O-])[O-])[C@@H](O)[C@H]2O)c(=O)[nH]1>>CC(=O)N[C@H]1[C@@H](O[*])O[C@H](CO)[C@@H](O[C@@H]2O[C@H](C(=O)O)[C@@H](O)[C@H](O)[C@H]2O)[C@@H]1O.CC(=O)N[C@H]1[C@@H](OP(=O)([O-])OP(=O)([O-])OC[C@H]2O[C@@H](n3ccc(=O)[nH]c3=O)[C@H](O)[C@@H]2O)O[C@H](CO)[C@@H](O)[C@@H]1O
122,36.036692,Q93063,Exostosin-2,Homo sapiens OX=9606,39,MNXR110998,MNXR178078_0.8022461436548831_0.7004838444515933,2.4.1.224,1.0,0.0,0.80225,0.700484,-1,0.751365,32.9,27.5,22.6,19.2,82254.53,6.5144,43.872,*O[C@@H]1O[C@H](CO)[C@@H](O[C@@H]2O[C@H](CO)[C@H](O)[C@H](O[C@@H]3O[C@H](CO)[C@@H](O)[C@H](O)[C@H]3NC(C)=O)[C@H]2O)[C@H](O)[C@H]1NC(C)=O.O=c1ccn([C@@H]2O[C@H](COP(=O)([O-])OP(=O)([O-])[O-])[C@@H](O)[C@H]2O)c(=O)[nH]1>>*O[C@@H]1O[C@H](CO)[C@@H](O[C@@H]2O[C@H](CO)[C@H](O)[C@H](O)[C@H]2O)[C@H](O)[C@H]1NC(C)=O.CC(=O)N[C@H]1[C@@H](OP(=O)([O-])OP(=O)([O-])OC[C@H]2O[C@@H](n3ccc(=O)[nH]c3=O)[C@H](O)[C@@H]2O)O[C@H](CO)[C@@H](O)[C@@H]1O,CC(=O)N[C@H]1[C@@H](O[C@@H]2[C@@H](C(=O)O)O[C@@H](O[C@@H]3[C@@H](CO)O[C@H](O[*])[C@H](NC(C)=O)[C@H]3O)[C@H](O)[C@H]2O)O[C@H](CO)[C@@H](O)[C@@H]1O.O=c1ccn([C@@H]2O[C@H](COP(=O)([O-])OP(=O)([O-])[O-])[C@@H](O)[C@H]2O)c(=O)[nH]1>>CC(=O)N[C@H]1[C@@H](O[*])O[C@H](CO)[C@@H](O[C@@H]2O[C@H](C(=O)O)[C@@H](O)[C@H](O)[C@H]2O)[C@@H]1O.CC(=O)N[C@H]1[C@@H](OP(=O)([O-])OP(=O)([O-])OC[C@H]2O[C@@H](n3ccc(=O)[nH]c3=O)[C@H](O)[C@@H]2O)O[C@H](CO)[C@@H](O)[C@@H]1O
123,36.036692,P70428,Exostosin-2,Mus musculus OX=10090,39,MNXR110998,MNXR178078_0.8022461436548831_0.7004838444515933,2.4.1.224,1.0,0.0,0.80225,0.700484,-1,0.751365,32.6,28.2,21.8,19.7,82064.38,6.6266,44.011,*O[C@@H]1O[C@H](CO)[C@@H](O[C@@H]2O[C@H](CO)[C@H](O)[C@H](O[C@@H]3O[C@H](CO)[C@@H](O)[C@H](O)[C@H]3NC(C)=O)[C@H]2O)[C@H](O)[C@H]1NC(C)=O.O=c1ccn([C@@H]2O[C@H](COP(=O)([O-])OP(=O)([O-])[O-])[C@@H](O)[C@H]2O)c(=O)[nH]1>>*O[C@@H]1O[C@H](CO)[C@@H](O[C@@H]2O[C@H](CO)[C@H](O)[C@H](O)[C@H]2O)[C@H](O)[C@H]1NC(C)=O.CC(=O)N[C@H]1[C@@H](OP(=O)([O-])OP(=O)([O-])OC[C@H]2O[C@@H](n3ccc(=O)[nH]c3=O)[C@H](O)[C@@H]2O)O[C@H](CO)[C@@H](O)[C@@H]1O,CC(=O)N[C@H]1[C@@H](O[C@@H]2[C@@H](C(=O)O)O[C@@H](O[C@@H]3[C@@H](CO)O[C@H](O[*])[C@H](NC(C)=O)[C@H]3O)[C@H](O)[C@H]2O)O[C@H](CO)[C@@H](O)[C@@H]1O.O=c1ccn([C@@H]2O[C@H](COP(=O)([O-])OP(=O)([O-])[O-])[C@@H](O)[C@H]2O)c(=O)[nH]1>>CC(=O)N[C@H]1[C@@H](O[*])O[C@H](CO)[C@@H](O[C@@H]2O[C@H](C(=O)O)[C@@H](O)[C@H](O)[C@H]2O)[C@@H]1O.CC(=O)N[C@H]1[C@@H](OP(=O)([O-])OP(=O)([O-])OC[C@H]2O[C@@H](n3ccc(=O)[nH]c3=O)[C@H](O)[C@@H]2O)O[C@H](CO)[C@@H](O)[C@@H]1O
124,35.936692,Q5RBC3,Exostosin-1,Pongo abelii OX=9601,39,MNXR110998,MNXR178078_0.8022461436548831_0.7004838444515933,2.4.1.224,2.0,0.0,0.80225,0.700484,-1,0.751365,28.5,22.9,31.9,18.9,86269.73,9.2792,47.051,*O[C@@H]1O[C@H](CO)[C@@H](O[C@@H]2O[C@H](CO)[C@H](O)[C@H](O[C@@H]3O[C@H](CO)[C@@H](O)[C@H](O)[C@H]3NC(C)=O)[C@H]2O)[C@H](O)[C@H]1NC(C)=O.O=c1ccn([C@@H]2O[C@H](COP(=O)([O-])OP(=O)([O-])[O-])[C@@H](O)[C@H]2O)c(=O)[nH]1>>*O[C@@H]1O[C@H](CO)[C@@H](O[C@@H]2O[C@H](CO)[C@H](O)[C@H](O)[C@H]2O)[C@H](O)[C@H]1NC(C)=O.CC(=O)N[C@H]1[C@@H](OP(=O)([O-])OP(=O)([O-])OC[C@H]2O[C@@H](n3ccc(=O)[nH]c3=O)[C@H](O)[C@@H]2O)O[C@H](CO)[C@@H](O)[C@@H]1O,CC(=O)N[C@H]1[C@@H](O[C@@H]2[C@@H](C(=O)O)O[C@@H](O[C@@H]3[C@@H](CO)O[C@H](O[*])[C@H](NC(C)=O)[C@H]3O)[C@H](O)[C@H]2O)O[C@H](CO)[C@@H](O)[C@@H]1O.O=c1ccn([C@@H]2O[C@H](COP(=O)([O-])OP(=O)([O-])[O-])[C@@H](O)[C@H]2O)c(=O)[nH]1>>CC(=O)N[C@H]1[C@@H](O[*])O[C@H](CO)[C@@H](O[C@@H]2O[C@H](C(=O)O)[C@@H](O)[C@H](O)[C@H]2O)[C@@H]1O.CC(=O)N[C@H]1[C@@H](OP(=O)([O-])OP(=O)([O-])OC[C@H]2O[C@@H](n3ccc(=O)[nH]c3=O)[C@H](O)[C@@H]2O)O[C@H](CO)[C@@H](O)[C@@H]1O
125,35.936692,Q9JKV7,Exostosin-like 1,Mus musculus OX=10090,39,MNXR110998,MNXR178078_0.8022461436548831_0.7004838444515933,2.4.1.224,2.0,0.0,0.80225,0.700484,-1,0.751365,23.9,24.2,27.4,27.0,74079.19,8.3283,40.807,*O[C@@H]1O[C@H](CO)[C@@H](O[C@@H]2O[C@H](CO)[C@H](O)[C@H](O[C@@H]3O[C@H](CO)[C@@H](O)[C@H](O)[C@H]3NC(C)=O)[C@H]2O)[C@H](O)[C@H]1NC(C)=O.O=c1ccn([C@@H]2O[C@H](COP(=O)([O-])OP(=O)([O-])[O-])[C@@H](O)[C@H]2O)c(=O)[nH]1>>*O[C@@H]1O[C@H](CO)[C@@H](O[C@@H]2O[C@H](CO)[C@H](O)[C@H](O)[C@H]2O)[C@H](O)[C@H]1NC(C)=O.CC(=O)N[C@H]1[C@@H](OP(=O)([O-])OP(=O)([O-])OC[C@H]2O[C@@H](n3ccc(=O)[nH]c3=O)[C@H](O)[C@@H]2O)O[C@H](CO)[C@@H](O)[C@@H]1O,CC(=O)N[C@H]1[C@@H](O[C@@H]2[C@@H](C(=O)O)O[C@@H](O[C@@H]3[C@@H](CO)O[C@H](O[*])[C@H](NC(C)=O)[C@H]3O)[C@H](O)[C@H]2O)O[C@H](CO)[C@@H](O)[C@@H]1O.O=c1ccn([C@@H]2O[C@H](COP(=O)([O-])OP(=O)([O-])[O-])[C@@H](O)[C@H]2O)c(=O)[nH]1>>CC(=O)N[C@H]1[C@@H](O[*])O[C@H](CO)[C@@H](O[C@@H]2O[C@H](C(=O)O)[C@@H](O)[C@H](O)[C@H]2O)[C@@H]1O.CC(=O)N[C@H]1[C@@H](OP(=O)([O-])OP(=O)([O-])OC[C@H]2O[C@@H](n3ccc(=O)[nH]c3=O)[C@H](O)[C@@H]2O)O[C@H](CO)[C@@H](O)[C@@H]1O
126,35.836692,A9X1C8,Exostosin-1,Papio anubis OX=9555,39,MNXR110998,MNXR178078_0.8022461436548831_0.7004838444515933,2.4.1.224,3.0,0.0,0.80225,0.700484,-1,0.751365,27.5,23.2,32.1,19.5,86268.78,9.3361,47.051,*O[C@@H]1O[C@H](CO)[C@@H](O[C@@H]2O[C@H](CO)[C@H](O)[C@H](O[C@@H]3O[C@H](CO)[C@@H](O)[C@H](O)[C@H]3NC(C)=O)[C@H]2O)[C@H](O)[C@H]1NC(C)=O.O=c1ccn([C@@H]2O[C@H](COP(=O)([O-])OP(=O)([O-])[O-])[C@@H](O)[C@H]2O)c(=O)[nH]1>>*O[C@@H]1O[C@H](CO)[C@@H](O[C@@H]2O[C@H](CO)[C@H](O)[C@H](O)[C@H]2O)[C@H](O)[C@H]1NC(C)=O.CC(=O)N[C@H]1[C@@H](OP(=O)([O-])OP(=O)([O-])OC[C@H]2O[C@@H](n3ccc(=O)[nH]c3=O)[C@H](O)[C@@H]2O)O[C@H](CO)[C@@H](O)[C@@H]1O,CC(=O)N[C@H]1[C@@H](O[C@@H]2[C@@H](C(=O)O)O[C@@H](O[C@@H]3[C@@H](CO)O[C@H](O[*])[C@H](NC(C)=O)[C@H]3O)[C@H](O)[C@H]2O)O[C@H](CO)[C@@H](O)[C@@H]1O.O=c1ccn([C@@H]2O[C@H](COP(=O)([O-])OP(=O)([O-])[O-])[C@@H](O)[C@H]2O)c(=O)[nH]1>>CC(=O)N[C@H]1[C@@H](O[*])O[C@H](CO)[C@@H](O[C@@H]2O[C@H](C(=O)O)[C@@H](O)[C@H](O)[C@H]2O)[C@@H]1O.CC(=O)N[C@H]1[C@@H](OP(=O)([O-])OP(=O)([O-])OC[C@H]2O[C@@H](n3ccc(=O)[nH]c3=O)[C@H](O)[C@@H]2O)O[C@H](CO)[C@@H](O)[C@@H]1O
127,35.686192,Q92180,Beta-1;3-galactosyl-O-glycosyl-glycoprotein beta-1;6-N-acetylglucosaminyltransferase,Bos taurus OX=9913,37,MNXR148807,MNXR148808_0.7552431733624011_0.7004838444515933|MNXR174058_0.7552431733624011_0.7004838444515933|MNXR153246_0.7296983980640462_0.7004838444515933|MNXR153247_0.7030371293838377_0.7004838444515933|MNXR183675_0.7030371293838377_0.7004838444515933,2.4.1.102,1.0,0.0,0.75524,0.700484,1,0.727864,49.4,19.2,21.7,13.6,49733.55,8.5696,46.136,*O[C@@H]1O[C@H](CO)[C@@H](O[C@@H]2O[C@H](CO)[C@H](O)[C@H](O[C@@H]3O[C@H](CO)[C@@H](O)[C@H](O)[C@H]3NC(C)=O)[C@H]2O)[C@H](O)[C@H]1NC(C)=O.O=c1ccn([C@@H]2O[C@H](COP(=O)([O-])OP(=O)([O-])[O-])[C@@H](O)[C@H]2O)c(=O)[nH]1>>*O[C@@H]1O[C@H](CO)[C@@H](O[C@@H]2O[C@H](CO)[C@H](O)[C@H](O)[C@H]2O)[C@H](O)[C@H]1NC(C)=O.CC(=O)N[C@H]1[C@@H](OP(=O)([O-])OP(=O)([O-])OC[C@H]2O[C@@H](n3ccc(=O)[nH]c3=O)[C@H](O)[C@@H]2O)O[C@H](CO)[C@@H](O)[C@@H]1O,CC(=O)N[C@H]1[C@@H](OP(=O)([O-])OP(=O)([O-])OC[C@H]2O[C@@H](n3ccc(=O)[nH]c3=O)[C@H](O)[C@@H]2O)O[C@H](CO)[C@@H](O)[C@@H]1O.CC(=O)N[C@H]1[C@@H](O[*])O[C@H](CO)[C@H](O)[C@@H]1O[C@@H]1O[C@H](CO)[C@H](O)[C@H](O)[C@H]1O>>CC(=O)N[C@H]1[C@H](OC[C@H]2O[C@H](O[*])[C@H](NC(C)=O)[C@@H](O[C@@H]3O[C@H](CO)[C@H](O)[C@H](O)[C@H]3O)[C@H]2O)O[C@H](CO)[C@@H](O)[C@@H]1O.O=c1ccn([C@@H]2O[C@H](COP(=O)([O-])OP(=O)([O-])[O-])[C@@H](O)[C@H]2O)c(=O)[nH]1
128,35.586192,Q71SG7,Beta-1;3-galactosyl-O-glycosyl-glycoprotein beta-1;6-N-acetylglucosaminyltransferase 4,Danio rerio OX=7955,37,MNXR148807,MNXR148808_0.7552431733624011_0.7004838444515933|MNXR174058_0.7552431733624011_0.7004838444515933|MNXR153246_0.7296983980640462_0.7004838444515933|MNXR153247_0.7030371293838377_0.7004838444515933|MNXR183675_0.7030371293838377_0.7004838444515933,2.4.1.102,2.0,0.0,0.75524,0.700484,1,0.727864,44.4,24.8,22.8,11.9,49927.86,8.8311,46.963,*O[C@@H]1O[C@H](CO)[C@@H](O[C@@H]2O[C@H](CO)[C@H](O)[C@H](O[C@@H]3O[C@H](CO)[C@@H](O)[C@H](O)[C@H]3NC(C)=O)[C@H]2O)[C@H](O)[C@H]1NC(C)=O.O=c1ccn([C@@H]2O[C@H](COP(=O)([O-])OP(=O)([O-])[O-])[C@@H](O)[C@H]2O)c(=O)[nH]1>>*O[C@@H]1O[C@H](CO)[C@@H](O[C@@H]2O[C@H](CO)[C@H](O)[C@H](O)[C@H]2O)[C@H](O)[C@H]1NC(C)=O.CC(=O)N[C@H]1[C@@H](OP(=O)([O-])OP(=O)([O-])OC[C@H]2O[C@@H](n3ccc(=O)[nH]c3=O)[C@H](O)[C@@H]2O)O[C@H](CO)[C@@H](O)[C@@H]1O,CC(=O)N[C@H]1[C@@H](OP(=O)([O-])OP(=O)([O-])OC[C@H]2O[C@@H](n3ccc(=O)[nH]c3=O)[C@H](O)[C@@H]2O)O[C@H](CO)[C@@H](O)[C@@H]1O.CC(=O)N[C@H]1[C@@H](O[*])O[C@H](CO)[C@H](O)[C@@H]1O[C@@H]1O[C@H](CO)[C@H](O)[C@H](O)[C@H]1O>>CC(=O)N[C@H]1[C@H](OC[C@H]2O[C@H](O[*])[C@H](NC(C)=O)[C@@H](O[C@@H]3O[C@H](CO)[C@H](O)[C@H](O)[C@H]3O)[C@H]2O)O[C@H](CO)[C@@H](O)[C@@H]1O.O=c1ccn([C@@H]2O[C@H](COP(=O)([O-])OP(=O)([O-])[O-])[C@@H](O)[C@H]2O)c(=O)[nH]1
129,35.476934,A0A4Z3,Alpha-1;3-galactosyltransferase 2,Rattus norvegicus OX=10116,38,MNXR148793,-,2.4.1.87,1.0,0.0,0.67371,0.797829,1,0.735769,41.8,18.3,22.9,22.0,39547.85,8.4613,38.643,*O[C@@H]1O[C@H](CO)[C@@H](O[C@@H]2O[C@H](CO)[C@H](O)[C@H](O[C@@H]3O[C@H](CO)[C@@H](O)[C@H](O)[C@H]3NC(C)=O)[C@H]2O)[C@H](O)[C@H]1NC(C)=O.O=c1ccn([C@@H]2O[C@H](COP(=O)([O-])OP(=O)([O-])[O-])[C@@H](O)[C@H]2O)c(=O)[nH]1>>*O[C@@H]1O[C@H](CO)[C@@H](O[C@@H]2O[C@H](CO)[C@H](O)[C@H](O)[C@H]2O)[C@H](O)[C@H]1NC(C)=O.CC(=O)N[C@H]1[C@@H](OP(=O)([O-])OP(=O)([O-])OC[C@H]2O[C@@H](n3ccc(=O)[nH]c3=O)[C@H](O)[C@@H]2O)O[C@H](CO)[C@@H](O)[C@@H]1O,CC(=O)N[C@H]1[C@H](O)O[C@H](CO)[C@@H](O[C@@H]2O[C@H](CO)[C@H](O)[C@H](O)[C@H]2O)[C@@H]1O.O=c1ccn([C@@H]2O[C@H](COP(=O)([O-])OP(=O)([O-])O[C@H]3O[C@H](CO)[C@H](O)[C@H](O)[C@H]3O)[C@@H](O)[C@H]2O)c(=O)[nH]1>>[H+].O=c1ccn([C@@H]2O[C@H](COP(=O)([O-])OP(=O)([O-])[O-])[C@@H](O)[C@H]2O)c(=O)[nH]1.CC(=O)N[C@H]1[C@H](O)O[C@H](CO)[C@@H](O[C@@H]2O[C@H](CO)[C@H](O)[C@H](O[C@H]3O[C@H](CO)[C@H](O)[C@H](O)[C@H]3O)[C@H]2O)[C@@H]1O
130,35.476934,Q3L7M0,N-acetyllactosaminide alpha-1;3-galactosyltransferase,Rattus norvegicus OX=10116,38,MNXR148793,-,2.4.1.87,1.0,0.0,0.67371,0.797829,1,0.735769,46.5,23.1,18.0,16.9,43541.80,6.4585,47.709,*O[C@@H]1O[C@H](CO)[C@@H](O[C@@H]2O[C@H](CO)[C@H](O)[C@H](O[C@@H]3O[C@H](CO)[C@@H](O)[C@H](O)[C@H]3NC(C)=O)[C@H]2O)[C@H](O)[C@H]1NC(C)=O.O=c1ccn([C@@H]2O[C@H](COP(=O)([O-])OP(=O)([O-])[O-])[C@@H](O)[C@H]2O)c(=O)[nH]1>>*O[C@@H]1O[C@H](CO)[C@@H](O[C@@H]2O[C@H](CO)[C@H](O)[C@H](O)[C@H]2O)[C@H](O)[C@H]1NC(C)=O.CC(=O)N[C@H]1[C@@H](OP(=O)([O-])OP(=O)([O-])OC[C@H]2O[C@@H](n3ccc(=O)[nH]c3=O)[C@H](O)[C@@H]2O)O[C@H](CO)[C@@H](O)[C@@H]1O,CC(=O)N[C@H]1[C@H](O)O[C@H](CO)[C@@H](O[C@@H]2O[C@H](CO)[C@H](O)[C@H](O)[C@H]2O)[C@@H]1O.O=c1ccn([C@@H]2O[C@H](COP(=O)([O-])OP(=O)([O-])O[C@H]3O[C@H](CO)[C@H](O)[C@H](O)[C@H]3O)[C@@H](O)[C@H]2O)c(=O)[nH]1>>[H+].O=c1ccn([C@@H]2O[C@H](COP(=O)([O-])OP(=O)([O-])[O-])[C@@H](O)[C@H]2O)c(=O)[nH]1.CC(=O)N[C@H]1[C@H](O)O[C@H](CO)[C@@H](O[C@@H]2O[C@H](CO)[C@H](O)[C@H](O[C@H]3O[C@H](CO)[C@H](O)[C@H](O)[C@H]3O)[C@H]2O)[C@@H]1O
131,35.376934,G3V9Q9,N-acetyllactosaminide alpha-1;3-galactosyltransferase-like 1,Rattus norvegicus OX=10116,38,MNXR148793,-,2.4.1.87,2.0,0.0,0.67371,0.797829,1,0.735769,40.7,20.3,19.3,24.9,38343.19,9.3981,45.794,*O[C@@H]1O[C@H](CO)[C@@H](O[C@@H]2O[C@H](CO)[C@H](O)[C@H](O[C@@H]3O[C@H](CO)[C@@H](O)[C@H](O)[C@H]3NC(C)=O)[C@H]2O)[C@H](O)[C@H]1NC(C)=O.O=c1ccn([C@@H]2O[C@H](COP(=O)([O-])OP(=O)([O-])[O-])[C@@H](O)[C@H]2O)c(=O)[nH]1>>*O[C@@H]1O[C@H](CO)[C@@H](O[C@@H]2O[C@H](CO)[C@H](O)[C@H](O)[C@H]2O)[C@H](O)[C@H]1NC(C)=O.CC(=O)N[C@H]1[C@@H](OP(=O)([O-])OP(=O)([O-])OC[C@H]2O[C@@H](n3ccc(=O)[nH]c3=O)[C@H](O)[C@@H]2O)O[C@H](CO)[C@@H](O)[C@@H]1O,CC(=O)N[C@H]1[C@H](O)O[C@H](CO)[C@@H](O[C@@H]2O[C@H](CO)[C@H](O)[C@H](O)[C@H]2O)[C@@H]1O.O=c1ccn([C@@H]2O[C@H](COP(=O)([O-])OP(=O)([O-])O[C@H]3O[C@H](CO)[C@H](O)[C@H](O)[C@H]3O)[C@@H](O)[C@H]2O)c(=O)[nH]1>>[H+].O=c1ccn([C@@H]2O[C@H](COP(=O)([O-])OP(=O)([O-])[O-])[C@@H](O)[C@H]2O)c(=O)[nH]1.CC(=O)N[C@H]1[C@H](O)O[C@H](CO)[C@@H](O[C@@H]2O[C@H](CO)[C@H](O)[C@H](O[C@H]3O[C@H](CO)[C@H](O)[C@H](O)[C@H]3O)[C@H]2O)[C@@H]1O
132,35.376934,A1YGR5,N-acetyllactosaminide alpha-1;3-galactosyltransferase,Alouatta caraya OX=9502,38,MNXR148793,-,2.4.1.87,2.0,0.0,0.67371,0.797829,1,0.735769,42.2,23.1,18.6,20.6,44363.54,5.3033,45.745,*O[C@@H]1O[C@H](CO)[C@@H](O[C@@H]2O[C@H](CO)[C@H](O)[C@H](O[C@@H]3O[C@H](CO)[C@@H](O)[C@H](O)[C@H]3NC(C)=O)[C@H]2O)[C@H](O)[C@H]1NC(C)=O.O=c1ccn([C@@H]2O[C@H](COP(=O)([O-])OP(=O)([O-])[O-])[C@@H](O)[C@H]2O)c(=O)[nH]1>>*O[C@@H]1O[C@H](CO)[C@@H](O[C@@H]2O[C@H](CO)[C@H](O)[C@H](O)[C@H]2O)[C@H](O)[C@H]1NC(C)=O.CC(=O)N[C@H]1[C@@H](OP(=O)([O-])OP(=O)([O-])OC[C@H]2O[C@@H](n3ccc(=O)[nH]c3=O)[C@H](O)[C@@H]2O)O[C@H](CO)[C@@H](O)[C@@H]1O,CC(=O)N[C@H]1[C@H](O)O[C@H](CO)[C@@H](O[C@@H]2O[C@H](CO)[C@H](O)[C@H](O)[C@H]2O)[C@@H]1O.O=c1ccn([C@@H]2O[C@H](COP(=O)([O-])OP(=O)([O-])O[C@H]3O[C@H](CO)[C@H](O)[C@H](O)[C@H]3O)[C@@H](O)[C@H]2O)c(=O)[nH]1>>[H+].O=c1ccn([C@@H]2O[C@H](COP(=O)([O-])OP(=O)([O-])[O-])[C@@H](O)[C@H]2O)c(=O)[nH]1.CC(=O)N[C@H]1[C@H](O)O[C@H](CO)[C@@H](O[C@@H]2O[C@H](CO)[C@H](O)[C@H](O[C@H]3O[C@H](CO)[C@H](O)[C@H](O)[C@H]3O)[C@H]2O)[C@@H]1O
133,35.376934,Q8SPR2,N-acetyllactosaminide alpha-1;3-galactosyltransferase,Sapajus apella OX=9515,38,MNXR148793,-,2.4.1.87,2.0,0.0,0.67371,0.797829,1,0.735769,42.9,23.7,18.4,19.5,44392.46,5.3159,47.200,*O[C@@H]1O[C@H](CO)[C@@H](O[C@@H]2O[C@H](CO)[C@H](O)[C@H](O[C@@H]3O[C@H](CO)[C@@H](O)[C@H](O)[C@H]3NC(C)=O)[C@H]2O)[C@H](O)[C@H]1NC(C)=O.O=c1ccn([C@@H]2O[C@H](COP(=O)([O-])OP(=O)([O-])[O-])[C@@H](O)[C@H]2O)c(=O)[nH]1>>*O[C@@H]1O[C@H](CO)[C@@H](O[C@@H]2O[C@H](CO)[C@H](O)[C@H](O)[C@H]2O)[C@H](O)[C@H]1NC(C)=O.CC(=O)N[C@H]1[C@@H](OP(=O)([O-])OP(=O)([O-])OC[C@H]2O[C@@H](n3ccc(=O)[nH]c3=O)[C@H](O)[C@@H]2O)O[C@H](CO)[C@@H](O)[C@@H]1O,CC(=O)N[C@H]1[C@H](O)O[C@H](CO)[C@@H](O[C@@H]2O[C@H](CO)[C@H](O)[C@H](O)[C@H]2O)[C@@H]1O.O=c1ccn([C@@H]2O[C@H](COP(=O)([O-])OP(=O)([O-])O[C@H]3O[C@H](CO)[C@H](O)[C@H](O)[C@H]3O)[C@@H](O)[C@H]2O)c(=O)[nH]1>>[H+].O=c1ccn([C@@H]2O[C@H](COP(=O)([O-])OP(=O)([O-])[O-])[C@@H](O)[C@H]2O)c(=O)[nH]1.CC(=O)N[C@H]1[C@H](O)O[C@H](CO)[C@@H](O[C@@H]2O[C@H](CO)[C@H](O)[C@H](O[C@H]3O[C@H](CO)[C@H](O)[C@H](O)[C@H]3O)[C@H]2O)[C@@H]1O
134,34.875192,Q6ITT3,Alpha-1;3-mannosyl-glycoprotein 4-beta-N-acetylglucosaminyltransferase C,Sus scrofa OX=9823,35,MNXR148894,MNXR148895_0.7010216941463672_0.7004838444515933,2.4.1.145,2.0,0.0,0.70102,0.700484,1,0.700753,39.8,27.7,20.1,15.8,56311.91,8.9023,47.280,*O[C@@H]1O[C@H](CO)[C@@H](O[C@@H]2O[C@H](CO)[C@H](O)[C@H](O[C@@H]3O[C@H](CO)[C@@H](O)[C@H](O)[C@H]3NC(C)=O)[C@H]2O)[C@H](O)[C@H]1NC(C)=O.O=c1ccn([C@@H]2O[C@H](COP(=O)([O-])OP(=O)([O-])[O-])[C@@H](O)[C@H]2O)c(=O)[nH]1>>*O[C@@H]1O[C@H](CO)[C@@H](O[C@@H]2O[C@H](CO)[C@H](O)[C@H](O)[C@H]2O)[C@H](O)[C@H]1NC(C)=O.CC(=O)N[C@H]1[C@@H](OP(=O)([O-])OP(=O)([O-])OC[C@H]2O[C@@H](n3ccc(=O)[nH]c3=O)[C@H](O)[C@@H]2O)O[C@H](CO)[C@@H](O)[C@@H]1O,CC(=O)N[C@H]1[C@@H](OP(=O)([O-])OP(=O)([O-])OC[C@H]2O[C@@H](n3ccc(=O)[nH]c3=O)[C@H](O)[C@@H]2O)O[C@H](CO)[C@@H](O)[C@@H]1O.CC(=O)N[C@H]1[C@H](O[C@H]2[C@@H](O)[C@H](O)[C@@H](CO)O[C@@H]2O[C@@H]2[C@H](O)[C@H](O[*])O[C@H](CO)[C@H]2O)O[C@H](CO)[C@@H](O)[C@@H]1O>>CC(=O)N[C@H]1[C@H](O[C@H]2[C@H](O)[C@H](O[C@@H]3O[C@H](CO)[C@@H](O)[C@H](O)[C@H]3NC(C)=O)[C@@H](O[C@@H]3[C@H](O)[C@H](O[*])O[C@H](CO)[C@H]3O)O[C@@H]2CO)O[C@H](CO)[C@@H](O)[C@@H]1O.O=c1ccn([C@@H]2O[C@H](COP(=O)([O-])OP(=O)([O-])[O-])[C@@H](O)[C@H]2O)c(=O)[nH]1
135,34.777692,Q9ET32,Histo-blood group ABO system transferase 1,Rattus norvegicus OX=10116,38,MNXR121533,MNXR148723_0.707083640386619_0.7004838444515933|MNXR148724_0.707083640386619_0.7004838444515933|MNXR174135_0.707083640386619_0.7004838444515933|MNXR121532_0.703508927532423_0.7004838444515933,2.4.1.40,1.0,0.0,0.75707,0.700484,-1,0.728775,34.6,30.1,21.4,18.7,40374.70,8.9534,42.816,*O[C@@H]1O[C@H](CO)[C@@H](O[C@@H]2O[C@H](CO)[C@H](O)[C@H](O[C@@H]3O[C@H](CO)[C@@H](O)[C@H](O)[C@H]3NC(C)=O)[C@H]2O)[C@H](O)[C@H]1NC(C)=O.O=c1ccn([C@@H]2O[C@H](COP(=O)([O-])OP(=O)([O-])[O-])[C@@H](O)[C@H]2O)c(=O)[nH]1>>*O[C@@H]1O[C@H](CO)[C@@H](O[C@@H]2O[C@H](CO)[C@H](O)[C@H](O)[C@H]2O)[C@H](O)[C@H]1NC(C)=O.CC(=O)N[C@H]1[C@@H](OP(=O)([O-])OP(=O)([O-])OC[C@H]2O[C@@H](n3ccc(=O)[nH]c3=O)[C@H](O)[C@@H]2O)O[C@H](CO)[C@@H](O)[C@@H]1O,CC(=O)N[C@H]1[C@H](O[*])O[C@H](CO)[C@@H](O[C@@H]2O[C@H](CO)[C@H](O)[C@H](O[C@H]3O[C@H](CO)[C@H](O)[C@H](O)[C@H]3NC(C)=O)[C@H]2O[C@@H]2O[C@@H](C)[C@@H](O)[C@@H](O)[C@@H]2O)[C@@H]1O.O=c1ccn([C@@H]2O[C@H](COP(=O)([O-])OP(=O)([O-])[O-])[C@@H](O)[C@H]2O)c(=O)[nH]1>>CC(=O)N[C@H]1[C@@H](OP(=O)([O-])OP(=O)([O-])OC[C@H]2O[C@@H](n3ccc(=O)[nH]c3=O)[C@H](O)[C@@H]2O)O[C@H](CO)[C@H](O)[C@@H]1O.CC(=O)N[C@H]1[C@H](O[*])O[C@H](CO)[C@@H](O[C@@H]2O[C@H](CO)[C@H](O)[C@H](O)[C@H]2O[C@@H]2O[C@@H](C)[C@@H](O)[C@@H](O)[C@@H]2O)[C@@H]1O
136,34.777692,Q8CFC4,Histo-blood group ABO system transferase 2,Rattus norvegicus OX=10116,38,MNXR121533,MNXR148723_0.707083640386619_0.7004838444515933|MNXR148724_0.707083640386619_0.7004838444515933|MNXR174135_0.707083640386619_0.7004838444515933|MNXR121532_0.703508927532423_0.7004838444515933,2.4.1.40,1.0,0.0,0.75707,0.700484,-1,0.728775,35.5,26.7,23.9,18.9,39079.30,9.1839,42.515,*O[C@@H]1O[C@H](CO)[C@@H](O[C@@H]2O[C@H](CO)[C@H](O)[C@H](O[C@@H]3O[C@H](CO)[C@@H](O)[C@H](O)[C@H]3NC(C)=O)[C@H]2O)[C@H](O)[C@H]1NC(C)=O.O=c1ccn([C@@H]2O[C@H](COP(=O)([O-])OP(=O)([O-])[O-])[C@@H](O)[C@H]2O)c(=O)[nH]1>>*O[C@@H]1O[C@H](CO)[C@@H](O[C@@H]2O[C@H](CO)[C@H](O)[C@H](O)[C@H]2O)[C@H](O)[C@H]1NC(C)=O.CC(=O)N[C@H]1[C@@H](OP(=O)([O-])OP(=O)([O-])OC[C@H]2O[C@@H](n3ccc(=O)[nH]c3=O)[C@H](O)[C@@H]2O)O[C@H](CO)[C@@H](O)[C@@H]1O,CC(=O)N[C@H]1[C@H](O[*])O[C@H](CO)[C@@H](O[C@@H]2O[C@H](CO)[C@H](O)[C@H](O[C@H]3O[C@H](CO)[C@H](O)[C@H](O)[C@H]3NC(C)=O)[C@H]2O[C@@H]2O[C@@H](C)[C@@H](O)[C@@H](O)[C@@H]2O)[C@@H]1O.O=c1ccn([C@@H]2O[C@H](COP(=O)([O-])OP(=O)([O-])[O-])[C@@H](O)[C@H]2O)c(=O)[nH]1>>CC(=O)N[C@H]1[C@@H](OP(=O)([O-])OP(=O)([O-])OC[C@H]2O[C@@H](n3ccc(=O)[nH]c3=O)[C@H](O)[C@@H]2O)O[C@H](CO)[C@H](O)[C@@H]1O.CC(=O)N[C@H]1[C@H](O[*])O[C@H](CO)[C@@H](O[C@@H]2O[C@H](CO)[C@H](O)[C@H](O)[C@H]2O[C@@H]2O[C@@H](C)[C@@H](O)[C@@H](O)[C@@H]2O)[C@@H]1O
137,34.476934,Q4G0N0,Inactive N-acetyllactosaminide alpha-1;3-galactosyltransferase,Homo sapiens OX=9606,39,MNXR148793,-,2.4.1.87,1.0,0.0,0.67371,0.797829,1,0.735769,32.1,34.5,23.8,28.6,11568.03,5.6923,51.000,*O[C@@H]1O[C@H](CO)[C@@H](O[C@@H]2O[C@H](CO)[C@H](O)[C@H](O[C@@H]3O[C@H](CO)[C@@H](O)[C@H](O)[C@H]3NC(C)=O)[C@H]2O)[C@H](O)[C@H]1NC(C)=O.O=c1ccn([C@@H]2O[C@H](COP(=O)([O-])OP(=O)([O-])[O-])[C@@H](O)[C@H]2O)c(=O)[nH]1>>*O[C@@H]1O[C@H](CO)[C@@H](O[C@@H]2O[C@H](CO)[C@H](O)[C@H](O)[C@H]2O)[C@H](O)[C@H]1NC(C)=O.CC(=O)N[C@H]1[C@@H](OP(=O)([O-])OP(=O)([O-])OC[C@H]2O[C@@H](n3ccc(=O)[nH]c3=O)[C@H](O)[C@@H]2O)O[C@H](CO)[C@@H](O)[C@@H]1O,CC(=O)N[C@H]1[C@H](O)O[C@H](CO)[C@@H](O[C@@H]2O[C@H](CO)[C@H](O)[C@H](O)[C@H]2O)[C@@H]1O.O=c1ccn([C@@H]2O[C@H](COP(=O)([O-])OP(=O)([O-])O[C@H]3O[C@H](CO)[C@H](O)[C@H](O)[C@H]3O)[C@@H](O)[C@H]2O)c(=O)[nH]1>>[H+].O=c1ccn([C@@H]2O[C@H](COP(=O)([O-])OP(=O)([O-])[O-])[C@@H](O)[C@H]2O)c(=O)[nH]1.CC(=O)N[C@H]1[C@H](O)O[C@H](CO)[C@@H](O[C@@H]2O[C@H](CO)[C@H](O)[C@H](O[C@H]3O[C@H](CO)[C@H](O)[C@H](O)[C@H]3O)[C@H]2O)[C@@H]1O
138,34.376934,A2AUQ7,N-acetyllactosaminide alpha-1;3-galactosyltransferase-like 1,Mus musculus OX=10090,39,MNXR148793,-,2.4.1.87,2.0,0.0,0.67371,0.797829,1,0.735769,36.3,24.4,23.1,21.5,37953.02,9.6922,44.828,*O[C@@H]1O[C@H](CO)[C@@H](O[C@@H]2O[C@H](CO)[C@H](O)[C@H](O[C@@H]3O[C@H](CO)[C@@H](O)[C@H](O)[C@H]3NC(C)=O)[C@H]2O)[C@H](O)[C@H]1NC(C)=O.O=c1ccn([C@@H]2O[C@H](COP(=O)([O-])OP(=O)([O-])[O-])[C@@H](O)[C@H]2O)c(=O)[nH]1>>*O[C@@H]1O[C@H](CO)[C@@H](O[C@@H]2O[C@H](CO)[C@H](O)[C@H](O)[C@H]2O)[C@H](O)[C@H]1NC(C)=O.CC(=O)N[C@H]1[C@@H](OP(=O)([O-])OP(=O)([O-])OC[C@H]2O[C@@H](n3ccc(=O)[nH]c3=O)[C@H](O)[C@@H]2O)O[C@H](CO)[C@@H](O)[C@@H]1O,CC(=O)N[C@H]1[C@H](O)O[C@H](CO)[C@@H](O[C@@H]2O[C@H](CO)[C@H](O)[C@H](O)[C@H]2O)[C@@H]1O.O=c1ccn([C@@H]2O[C@H](COP(=O)([O-])OP(=O)([O-])O[C@H]3O[C@H](CO)[C@H](O)[C@H](O)[C@H]3O)[C@@H](O)[C@H]2O)c(=O)[nH]1>>[H+].O=c1ccn([C@@H]2O[C@H](COP(=O)([O-])OP(=O)([O-])[O-])[C@@H](O)[C@H]2O)c(=O)[nH]1.CC(=O)N[C@H]1[C@H](O)O[C@H](CO)[C@@H](O[C@@H]2O[C@H](CO)[C@H](O)[C@H](O[C@H]3O[C@H](CO)[C@H](O)[C@H](O)[C@H]3O)[C@H]2O)[C@@H]1O
139,34.376934,P23336,N-acetyllactosaminide alpha-1;3-galactosyltransferase,Mus musculus OX=10090,39,MNXR148793,-,2.4.1.87,2.0,0.0,0.67371,0.797829,1,0.735769,41.8,18.3,22.2,22.0,46475.12,6.5149,47.462,*O[C@@H]1O[C@H](CO)[C@@H](O[C@@H]2O[C@H](CO)[C@H](O)[C@H](O[C@@H]3O[C@H](CO)[C@@H](O)[C@H](O)[C@H]3NC(C)=O)[C@H]2O)[C@H](O)[C@H]1NC(C)=O.O=c1ccn([C@@H]2O[C@H](COP(=O)([O-])OP(=O)([O-])[O-])[C@@H](O)[C@H]2O)c(=O)[nH]1>>*O[C@@H]1O[C@H](CO)[C@@H](O[C@@H]2O[C@H](CO)[C@H](O)[C@H](O)[C@H]2O)[C@H](O)[C@H]1NC(C)=O.CC(=O)N[C@H]1[C@@H](OP(=O)([O-])OP(=O)([O-])OC[C@H]2O[C@@H](n3ccc(=O)[nH]c3=O)[C@H](O)[C@@H]2O)O[C@H](CO)[C@@H](O)[C@@H]1O,CC(=O)N[C@H]1[C@H](O)O[C@H](CO)[C@@H](O[C@@H]2O[C@H](CO)[C@H](O)[C@H](O)[C@H]2O)[C@@H]1O.O=c1ccn([C@@H]2O[C@H](COP(=O)([O-])OP(=O)([O-])O[C@H]3O[C@H](CO)[C@H](O)[C@H](O)[C@H]3O)[C@@H](O)[C@H]2O)c(=O)[nH]1>>[H+].O=c1ccn([C@@H]2O[C@H](COP(=O)([O-])OP(=O)([O-])[O-])[C@@H](O)[C@H]2O)c(=O)[nH]1.CC(=O)N[C@H]1[C@H](O)O[C@H](CO)[C@@H](O[C@@H]2O[C@H](CO)[C@H](O)[C@H](O[C@H]3O[C@H](CO)[C@H](O)[C@H](O)[C@H]3O)[C@H]2O)[C@@H]1O
140,34.376934,U3KPV4,Alpha-1;3-galactosyltransferase 2,Homo sapiens OX=9606,39,MNXR148793,-,2.4.1.87,2.0,0.0,0.67371,0.797829,1,0.735769,38.0,22.5,21.9,22.5,38753.77,9.5954,37.647,*O[C@@H]1O[C@H](CO)[C@@H](O[C@@H]2O[C@H](CO)[C@H](O)[C@H](O[C@@H]3O[C@H](CO)[C@@H](O)[C@H](O)[C@H]3NC(C)=O)[C@H]2O)[C@H](O)[C@H]1NC(C)=O.O=c1ccn([C@@H]2O[C@H](COP(=O)([O-])OP(=O)([O-])[O-])[C@@H](O)[C@H]2O)c(=O)[nH]1>>*O[C@@H]1O[C@H](CO)[C@@H](O[C@@H]2O[C@H](CO)[C@H](O)[C@H](O)[C@H]2O)[C@H](O)[C@H]1NC(C)=O.CC(=O)N[C@H]1[C@@H](OP(=O)([O-])OP(=O)([O-])OC[C@H]2O[C@@H](n3ccc(=O)[nH]c3=O)[C@H](O)[C@@H]2O)O[C@H](CO)[C@@H](O)[C@@H]1O,CC(=O)N[C@H]1[C@H](O)O[C@H](CO)[C@@H](O[C@@H]2O[C@H](CO)[C@H](O)[C@H](O)[C@H]2O)[C@@H]1O.O=c1ccn([C@@H]2O[C@H](COP(=O)([O-])OP(=O)([O-])O[C@H]3O[C@H](CO)[C@H](O)[C@H](O)[C@H]3O)[C@@H](O)[C@H]2O)c(=O)[nH]1>>[H+].O=c1ccn([C@@H]2O[C@H](COP(=O)([O-])OP(=O)([O-])[O-])[C@@H](O)[C@H]2O)c(=O)[nH]1.CC(=O)N[C@H]1[C@H](O)O[C@H](CO)[C@@H](O[C@@H]2O[C@H](CO)[C@H](O)[C@H](O[C@H]3O[C@H](CO)[C@H](O)[C@H](O)[C@H]3O)[C@H]2O)[C@@H]1O
141,34.376934,Q8SQ20,N-acetyllactosaminide alpha-1;3-galactosyltransferase,Callithrix jacchus OX=9483,39,MNXR148793,-,2.4.1.87,2.0,0.0,0.67371,0.797829,1,0.735769,43.9,23.9,16.4,20.3,44438.53,5.4604,47.340,*O[C@@H]1O[C@H](CO)[C@@H](O[C@@H]2O[C@H](CO)[C@H](O)[C@H](O[C@@H]3O[C@H](CO)[C@@H](O)[C@H](O)[C@H]3NC(C)=O)[C@H]2O)[C@H](O)[C@H]1NC(C)=O.O=c1ccn([C@@H]2O[C@H](COP(=O)([O-])OP(=O)([O-])[O-])[C@@H](O)[C@H]2O)c(=O)[nH]1>>*O[C@@H]1O[C@H](CO)[C@@H](O[C@@H]2O[C@H](CO)[C@H](O)[C@H](O)[C@H]2O)[C@H](O)[C@H]1NC(C)=O.CC(=O)N[C@H]1[C@@H](OP(=O)([O-])OP(=O)([O-])OC[C@H]2O[C@@H](n3ccc(=O)[nH]c3=O)[C@H](O)[C@@H]2O)O[C@H](CO)[C@@H](O)[C@@H]1O,CC(=O)N[C@H]1[C@H](O)O[C@H](CO)[C@@H](O[C@@H]2O[C@H](CO)[C@H](O)[C@H](O)[C@H]2O)[C@@H]1O.O=c1ccn([C@@H]2O[C@H](COP(=O)([O-])OP(=O)([O-])O[C@H]3O[C@H](CO)[C@H](O)[C@H](O)[C@H]3O)[C@@H](O)[C@H]2O)c(=O)[nH]1>>[H+].O=c1ccn([C@@H]2O[C@H](COP(=O)([O-])OP(=O)([O-])[O-])[C@@H](O)[C@H]2O)c(=O)[nH]1.CC(=O)N[C@H]1[C@H](O)O[C@H](CO)[C@@H](O[C@@H]2O[C@H](CO)[C@H](O)[C@H](O[C@H]3O[C@H](CO)[C@H](O)[C@H](O)[C@H]3O)[C@H]2O)[C@@H]1O
142,34.376934,Q3V1N9,Alpha-1;3-galactosyltransferase 2,Mus musculus OX=10090,39,MNXR148793,-,2.4.1.87,2.0,0.0,0.67371,0.797829,1,0.735769,33.6,19.5,26.8,24.6,42649.01,8.9329,40.541,*O[C@@H]1O[C@H](CO)[C@@H](O[C@@H]2O[C@H](CO)[C@H](O)[C@H](O[C@@H]3O[C@H](CO)[C@@H](O)[C@H](O)[C@H]3NC(C)=O)[C@H]2O)[C@H](O)[C@H]1NC(C)=O.O=c1ccn([C@@H]2O[C@H](COP(=O)([O-])OP(=O)([O-])[O-])[C@@H](O)[C@H]2O)c(=O)[nH]1>>*O[C@@H]1O[C@H](CO)[C@@H](O[C@@H]2O[C@H](CO)[C@H](O)[C@H](O)[C@H]2O)[C@H](O)[C@H]1NC(C)=O.CC(=O)N[C@H]1[C@@H](OP(=O)([O-])OP(=O)([O-])OC[C@H]2O[C@@H](n3ccc(=O)[nH]c3=O)[C@H](O)[C@@H]2O)O[C@H](CO)[C@@H](O)[C@@H]1O,CC(=O)N[C@H]1[C@H](O)O[C@H](CO)[C@@H](O[C@@H]2O[C@H](CO)[C@H](O)[C@H](O)[C@H]2O)[C@@H]1O.O=c1ccn([C@@H]2O[C@H](COP(=O)([O-])OP(=O)([O-])O[C@H]3O[C@H](CO)[C@H](O)[C@H](O)[C@H]3O)[C@@H](O)[C@H]2O)c(=O)[nH]1>>[H+].O=c1ccn([C@@H]2O[C@H](COP(=O)([O-])OP(=O)([O-])[O-])[C@@H](O)[C@H]2O)c(=O)[nH]1.CC(=O)N[C@H]1[C@H](O)O[C@H](CO)[C@@H](O[C@@H]2O[C@H](CO)[C@H](O)[C@H](O[C@H]3O[C@H](CO)[C@H](O)[C@H](O)[C@H]3O)[C@H]2O)[C@@H]1O
143,34.343692,Q09325,Alpha-1;3-mannosyl-glycoprotein 2-beta-N-acetylglucosaminyltransferase,Rattus norvegicus OX=10116,38,MNXR174057,-,2.4.1.101,2.0,0.0,0.75039,0.700484,1,0.725437,26.7,25.8,28.5,22.7,51586.06,9.1728,43.177,*O[C@@H]1O[C@H](CO)[C@@H](O[C@@H]2O[C@H](CO)[C@H](O)[C@H](O[C@@H]3O[C@H](CO)[C@@H](O)[C@H](O)[C@H]3NC(C)=O)[C@H]2O)[C@H](O)[C@H]1NC(C)=O.O=c1ccn([C@@H]2O[C@H](COP(=O)([O-])OP(=O)([O-])[O-])[C@@H](O)[C@H]2O)c(=O)[nH]1>>*O[C@@H]1O[C@H](CO)[C@@H](O[C@@H]2O[C@H](CO)[C@H](O)[C@H](O)[C@H]2O)[C@H](O)[C@H]1NC(C)=O.CC(=O)N[C@H]1[C@@H](OP(=O)([O-])OP(=O)([O-])OC[C@H]2O[C@@H](n3ccc(=O)[nH]c3=O)[C@H](O)[C@@H]2O)O[C@H](CO)[C@@H](O)[C@@H]1O,CC(=O)N[C@H]1[C@@H](OP(=O)([O-])OP(=O)([O-])OC[C@H]2O[C@@H](n3ccc(=O)[nH]c3=O)[C@H](O)[C@@H]2O)O[C@H](CO)[C@@H](O)[C@@H]1O.[*]O[C@@H]1O[C@H](CO)[C@@H](O)C(O[C@H]2O[C@H](CO)[C@@H](O)[C@H](O)[C@@H]2O)[C@@H]1O>>CC(=O)N[C@H]1C(O[C@@H]2C(O[C@@H]3[C@H](O)[C@H](O[*])O[C@H](CO)[C@H]3O)O[C@H](CO)[C@@H](O)[C@@H]2O)O[C@H](CO)[C@@H](O)[C@@H]1O.O=c1ccn([C@@H]2O[C@H](COP(=O)([O-])OP(=O)([O-])[O-])[C@@H](O)[C@H]2O)c(=O)[nH]1
144,33.777692,P16442,Histo-blood group ABO system transferase,Homo sapiens OX=9606,39,MNXR121533,MNXR148723_0.707083640386619_0.7004838444515933|MNXR148724_0.707083640386619_0.7004838444515933|MNXR174135_0.707083640386619_0.7004838444515933|MNXR121532_0.703508927532423_0.7004838444515933,2.4.1.40,1.0,0.0,0.75707,0.700484,-1,0.728775,39.6,23.7,18.9,22.5,40933.82,9.2424,40.678,*O[C@@H]1O[C@H](CO)[C@@H](O[C@@H]2O[C@H](CO)[C@H](O)[C@H](O[C@@H]3O[C@H](CO)[C@@H](O)[C@H](O)[C@H]3NC(C)=O)[C@H]2O)[C@H](O)[C@H]1NC(C)=O.O=c1ccn([C@@H]2O[C@H](COP(=O)([O-])OP(=O)([O-])[O-])[C@@H](O)[C@H]2O)c(=O)[nH]1>>*O[C@@H]1O[C@H](CO)[C@@H](O[C@@H]2O[C@H](CO)[C@H](O)[C@H](O)[C@H]2O)[C@H](O)[C@H]1NC(C)=O.CC(=O)N[C@H]1[C@@H](OP(=O)([O-])OP(=O)([O-])OC[C@H]2O[C@@H](n3ccc(=O)[nH]c3=O)[C@H](O)[C@@H]2O)O[C@H](CO)[C@@H](O)[C@@H]1O,CC(=O)N[C@H]1[C@H](O[*])O[C@H](CO)[C@@H](O[C@@H]2O[C@H](CO)[C@H](O)[C@H](O[C@H]3O[C@H](CO)[C@H](O)[C@H](O)[C@H]3NC(C)=O)[C@H]2O[C@@H]2O[C@@H](C)[C@@H](O)[C@@H](O)[C@@H]2O)[C@@H]1O.O=c1ccn([C@@H]2O[C@H](COP(=O)([O-])OP(=O)([O-])[O-])[C@@H](O)[C@H]2O)c(=O)[nH]1>>CC(=O)N[C@H]1[C@@H](OP(=O)([O-])OP(=O)([O-])OC[C@H]2O[C@@H](n3ccc(=O)[nH]c3=O)[C@H](O)[C@@H]2O)O[C@H](CO)[C@H](O)[C@@H]1O.CC(=O)N[C@H]1[C@H](O[*])O[C@H](CO)[C@@H](O[C@@H]2O[C@H](CO)[C@H](O)[C@H](O)[C@H]2O[C@@H]2O[C@@H](C)[C@@H](O)[C@@H](O)[C@@H]2O)[C@@H]1O
145,33.777692,P16422,Epithelial cell adhesion molecule,Homo sapiens OX=9606,39,MNXR121533,MNXR148723_0.707083640386619_0.7004838444515933|MNXR148724_0.707083640386619_0.7004838444515933|MNXR174135_0.707083640386619_0.7004838444515933|MNXR121532_0.703508927532423_0.7004838444515933,2.4.1.40,1.0,0.0,0.75707,0.700484,-1,0.728775,49.0,25.8,20.8,9.7,34932.28,7.5251,46.815,*O[C@@H]1O[C@H](CO)[C@@H](O[C@@H]2O[C@H](CO)[C@H](O)[C@H](O[C@@H]3O[C@H](CO)[C@@H](O)[C@H](O)[C@H]3NC(C)=O)[C@H]2O)[C@H](O)[C@H]1NC(C)=O.O=c1ccn([C@@H]2O[C@H](COP(=O)([O-])OP(=O)([O-])[O-])[C@@H](O)[C@H]2O)c(=O)[nH]1>>*O[C@@H]1O[C@H](CO)[C@@H](O[C@@H]2O[C@H](CO)[C@H](O)[C@H](O)[C@H]2O)[C@H](O)[C@H]1NC(C)=O.CC(=O)N[C@H]1[C@@H](OP(=O)([O-])OP(=O)([O-])OC[C@H]2O[C@@H](n3ccc(=O)[nH]c3=O)[C@H](O)[C@@H]2O)O[C@H](CO)[C@@H](O)[C@@H]1O,CC(=O)N[C@H]1[C@H](O[*])O[C@H](CO)[C@@H](O[C@@H]2O[C@H](CO)[C@H](O)[C@H](O[C@H]3O[C@H](CO)[C@H](O)[C@H](O)[C@H]3NC(C)=O)[C@H]2O[C@@H]2O[C@@H](C)[C@@H](O)[C@@H](O)[C@@H]2O)[C@@H]1O.O=c1ccn([C@@H]2O[C@H](COP(=O)([O-])OP(=O)([O-])[O-])[C@@H](O)[C@H]2O)c(=O)[nH]1>>CC(=O)N[C@H]1[C@@H](OP(=O)([O-])OP(=O)([O-])OC[C@H]2O[C@@H](n3ccc(=O)[nH]c3=O)[C@H](O)[C@@H]2O)O[C@H](CO)[C@H](O)[C@@H]1O.CC(=O)N[C@H]1[C@H](O[*])O[C@H](CO)[C@@H](O[C@@H]2O[C@H](CO)[C@H](O)[C@H](O)[C@H]2O[C@@H]2O[C@@H](C)[C@@H](O)[C@@H](O)[C@@H]2O)[C@@H]1O
146,33.777692,P38649,Histo-blood group ABO system transferase,Mus musculus OX=10090,39,MNXR121533,MNXR148723_0.707083640386619_0.7004838444515933|MNXR148724_0.707083640386619_0.7004838444515933|MNXR174135_0.707083640386619_0.7004838444515933|MNXR121532_0.703508927532423_0.7004838444515933,2.4.1.40,1.0,0.0,0.75707,0.700484,-1,0.728775,30.4,29.7,24.4,20.6,38776.97,9.3832,40.964,*O[C@@H]1O[C@H](CO)[C@@H](O[C@@H]2O[C@H](CO)[C@H](O)[C@H](O[C@@H]3O[C@H](CO)[C@@H](O)[C@H](O)[C@H]3NC(C)=O)[C@H]2O)[C@H](O)[C@H]1NC(C)=O.O=c1ccn([C@@H]2O[C@H](COP(=O)([O-])OP(=O)([O-])[O-])[C@@H](O)[C@H]2O)c(=O)[nH]1>>*O[C@@H]1O[C@H](CO)[C@@H](O[C@@H]2O[C@H](CO)[C@H](O)[C@H](O)[C@H]2O)[C@H](O)[C@H]1NC(C)=O.CC(=O)N[C@H]1[C@@H](OP(=O)([O-])OP(=O)([O-])OC[C@H]2O[C@@H](n3ccc(=O)[nH]c3=O)[C@H](O)[C@@H]2O)O[C@H](CO)[C@@H](O)[C@@H]1O,CC(=O)N[C@H]1[C@H](O[*])O[C@H](CO)[C@@H](O[C@@H]2O[C@H](CO)[C@H](O)[C@H](O[C@H]3O[C@H](CO)[C@H](O)[C@H](O)[C@H]3NC(C)=O)[C@H]2O[C@@H]2O[C@@H](C)[C@@H](O)[C@@H](O)[C@@H]2O)[C@@H]1O.O=c1ccn([C@@H]2O[C@H](COP(=O)([O-])OP(=O)([O-])[O-])[C@@H](O)[C@H]2O)c(=O)[nH]1>>CC(=O)N[C@H]1[C@@H](OP(=O)([O-])OP(=O)([O-])OC[C@H]2O[C@@H](n3ccc(=O)[nH]c3=O)[C@H](O)[C@@H]2O)O[C@H](CO)[C@H](O)[C@@H]1O.CC(=O)N[C@H]1[C@H](O[*])O[C@H](CO)[C@@H](O[C@@H]2O[C@H](CO)[C@H](O)[C@H](O)[C@H]2O[C@@H]2O[C@@H](C)[C@@H](O)[C@@H](O)[C@@H]2O)[C@@H]1O
147,33.686192,Q09324,Beta-1;3-galactosyl-O-glycosyl-glycoprotein beta-1;6-N-acetylglucosaminyltransferase,Mus musculus OX=10090,39,MNXR148807,MNXR148808_0.7552431733624011_0.7004838444515933|MNXR174058_0.7552431733624011_0.7004838444515933|MNXR153246_0.7296983980640462_0.7004838444515933|MNXR153247_0.7030371293838377_0.7004838444515933|MNXR183675_0.7030371293838377_0.7004838444515933,2.4.1.102,1.0,0.0,0.75524,0.700484,1,0.727864,47.1,20.9,22.8,13.1,49838.66,8.4500,45.561,*O[C@@H]1O[C@H](CO)[C@@H](O[C@@H]2O[C@H](CO)[C@H](O)[C@H](O[C@@H]3O[C@H](CO)[C@@H](O)[C@H](O)[C@H]3NC(C)=O)[C@H]2O)[C@H](O)[C@H]1NC(C)=O.O=c1ccn([C@@H]2O[C@H](COP(=O)([O-])OP(=O)([O-])[O-])[C@@H](O)[C@H]2O)c(=O)[nH]1>>*O[C@@H]1O[C@H](CO)[C@@H](O[C@@H]2O[C@H](CO)[C@H](O)[C@H](O)[C@H]2O)[C@H](O)[C@H]1NC(C)=O.CC(=O)N[C@H]1[C@@H](OP(=O)([O-])OP(=O)([O-])OC[C@H]2O[C@@H](n3ccc(=O)[nH]c3=O)[C@H](O)[C@@H]2O)O[C@H](CO)[C@@H](O)[C@@H]1O,CC(=O)N[C@H]1[C@@H](OP(=O)([O-])OP(=O)([O-])OC[C@H]2O[C@@H](n3ccc(=O)[nH]c3=O)[C@H](O)[C@@H]2O)O[C@H](CO)[C@@H](O)[C@@H]1O.CC(=O)N[C@H]1[C@@H](O[*])O[C@H](CO)[C@H](O)[C@@H]1O[C@@H]1O[C@H](CO)[C@H](O)[C@H](O)[C@H]1O>>CC(=O)N[C@H]1[C@H](OC[C@H]2O[C@H](O[*])[C@H](NC(C)=O)[C@@H](O[C@@H]3O[C@H](CO)[C@H](O)[C@H](O)[C@H]3O)[C@H]2O)O[C@H](CO)[C@@H](O)[C@@H]1O.O=c1ccn([C@@H]2O[C@H](COP(=O)([O-])OP(=O)([O-])[O-])[C@@H](O)[C@H]2O)c(=O)[nH]1
148,33.686192,Q02742,Beta-1;3-galactosyl-O-glycosyl-glycoprotein beta-1;6-N-acetylglucosaminyltransferase,Homo sapiens OX=9606,39,MNXR148807,MNXR148808_0.7552431733624011_0.7004838444515933|MNXR174058_0.7552431733624011_0.7004838444515933|MNXR153246_0.7296983980640462_0.7004838444515933|MNXR153247_0.7030371293838377_0.7004838444515933|MNXR183675_0.7030371293838377_0.7004838444515933,2.4.1.102,1.0,0.0,0.75524,0.700484,1,0.727864,49.5,20.4,21.6,12.4,49798.84,8.5666,45.561,*O[C@@H]1O[C@H](CO)[C@@H](O[C@@H]2O[C@H](CO)[C@H](O)[C@H](O[C@@H]3O[C@H](CO)[C@@H](O)[C@H](O)[C@H]3NC(C)=O)[C@H]2O)[C@H](O)[C@H]1NC(C)=O.O=c1ccn([C@@H]2O[C@H](COP(=O)([O-])OP(=O)([O-])[O-])[C@@H](O)[C@H]2O)c(=O)[nH]1>>*O[C@@H]1O[C@H](CO)[C@@H](O[C@@H]2O[C@H](CO)[C@H](O)[C@H](O)[C@H]2O)[C@H](O)[C@H]1NC(C)=O.CC(=O)N[C@H]1[C@@H](OP(=O)([O-])OP(=O)([O-])OC[C@H]2O[C@@H](n3ccc(=O)[nH]c3=O)[C@H](O)[C@@H]2O)O[C@H](CO)[C@@H](O)[C@@H]1O,CC(=O)N[C@H]1[C@@H](OP(=O)([O-])OP(=O)([O-])OC[C@H]2O[C@@H](n3ccc(=O)[nH]c3=O)[C@H](O)[C@@H]2O)O[C@H](CO)[C@@H](O)[C@@H]1O.CC(=O)N[C@H]1[C@@H](O[*])O[C@H](CO)[C@H](O)[C@@H]1O[C@@H]1O[C@H](CO)[C@H](O)[C@H](O)[C@H]1O>>CC(=O)N[C@H]1[C@H](OC[C@H]2O[C@H](O[*])[C@H](NC(C)=O)[C@@H](O[C@@H]3O[C@H](CO)[C@H](O)[C@H](O)[C@H]3O)[C@H]2O)O[C@H](CO)[C@@H](O)[C@@H]1O.O=c1ccn([C@@H]2O[C@H](COP(=O)([O-])OP(=O)([O-])[O-])[C@@H](O)[C@H]2O)c(=O)[nH]1
149,33.586192,Q9P109,Beta-1;3-galactosyl-O-glycosyl-glycoprotein beta-1;6-N-acetylglucosaminyltransferase 4,Homo sapiens OX=9606,39,MNXR148807,MNXR148808_0.7552431733624011_0.7004838444515933|MNXR174058_0.7552431733624011_0.7004838444515933|MNXR153246_0.7296983980640462_0.7004838444515933|MNXR153247_0.7030371293838377_0.7004838444515933|MNXR183675_0.7030371293838377_0.7004838444515933,2.4.1.102,2.0,0.0,0.75524,0.700484,1,0.727864,45.1,21.3,22.0,15.3,53052.23,8.3671,47.461,*O[C@@H]1O[C@H](CO)[C@@H](O[C@@H]2O[C@H](CO)[C@H](O)[C@H](O[C@@H]3O[C@H](CO)[C@@H](O)[C@H](O)[C@H]3NC(C)=O)[C@H]2O)[C@H](O)[C@H]1NC(C)=O.O=c1ccn([C@@H]2O[C@H](COP(=O)([O-])OP(=O)([O-])[O-])[C@@H](O)[C@H]2O)c(=O)[nH]1>>*O[C@@H]1O[C@H](CO)[C@@H](O[C@@H]2O[C@H](CO)[C@H](O)[C@H](O)[C@H]2O)[C@H](O)[C@H]1NC(C)=O.CC(=O)N[C@H]1[C@@H](OP(=O)([O-])OP(=O)([O-])OC[C@H]2O[C@@H](n3ccc(=O)[nH]c3=O)[C@H](O)[C@@H]2O)O[C@H](CO)[C@@H](O)[C@@H]1O,CC(=O)N[C@H]1[C@@H](OP(=O)([O-])OP(=O)([O-])OC[C@H]2O[C@@H](n3ccc(=O)[nH]c3=O)[C@H](O)[C@@H]2O)O[C@H](CO)[C@@H](O)[C@@H]1O.CC(=O)N[C@H]1[C@@H](O[*])O[C@H](CO)[C@H](O)[C@@H]1O[C@@H]1O[C@H](CO)[C@H](O)[C@H](O)[C@H]1O>>CC(=O)N[C@H]1[C@H](OC[C@H]2O[C@H](O[*])[C@H](NC(C)=O)[C@@H](O[C@@H]3O[C@H](CO)[C@H](O)[C@H](O)[C@H]3O)[C@H]2O)O[C@H](CO)[C@@H](O)[C@@H]1O.O=c1ccn([C@@H]2O[C@H](COP(=O)([O-])OP(=O)([O-])[O-])[C@@H](O)[C@H]2O)c(=O)[nH]1
150,33.486192,E9Q649,Beta-1;3-galactosyl-O-glycosyl-glycoprotein beta-1;6-N-acetylglucosaminyltransferase 4,Mus musculus OX=10090,39,MNXR148807,MNXR148808_0.7552431733624011_0.7004838444515933|MNXR174058_0.7552431733624011_0.7004838444515933|MNXR153246_0.7296983980640462_0.7004838444515933|MNXR153247_0.7030371293838377_0.7004838444515933|MNXR183675_0.7030371293838377_0.7004838444515933,2.4.1.102,3.0,0.0,0.75524,0.700484,1,0.727864,41.2,22.1,23.2,17.1,52831.80,7.8923,46.813,*O[C@@H]1O[C@H](CO)[C@@H](O[C@@H]2O[C@H](CO)[C@H](O)[C@H](O[C@@H]3O[C@H](CO)[C@@H](O)[C@H](O)[C@H]3NC(C)=O)[C@H]2O)[C@H](O)[C@H]1NC(C)=O.O=c1ccn([C@@H]2O[C@H](COP(=O)([O-])OP(=O)([O-])[O-])[C@@H](O)[C@H]2O)c(=O)[nH]1>>*O[C@@H]1O[C@H](CO)[C@@H](O[C@@H]2O[C@H](CO)[C@H](O)[C@H](O)[C@H]2O)[C@H](O)[C@H]1NC(C)=O.CC(=O)N[C@H]1[C@@H](OP(=O)([O-])OP(=O)([O-])OC[C@H]2O[C@@H](n3ccc(=O)[nH]c3=O)[C@H](O)[C@@H]2O)O[C@H](CO)[C@@H](O)[C@@H]1O,CC(=O)N[C@H]1[C@@H](OP(=O)([O-])OP(=O)([O-])OC[C@H]2O[C@@H](n3ccc(=O)[nH]c3=O)[C@H](O)[C@@H]2O)O[C@H](CO)[C@@H](O)[C@@H]1O.CC(=O)N[C@H]1[C@@H](O[*])O[C@H](CO)[C@H](O)[C@@H]1O[C@@H]1O[C@H](CO)[C@H](O)[C@H](O)[C@H]1O>>CC(=O)N[C@H]1[C@H](OC[C@H]2O[C@H](O[*])[C@H](NC(C)=O)[C@@H](O[C@@H]3O[C@H](CO)[C@H](O)[C@H](O)[C@H]3O)[C@H]2O)O[C@H](CO)[C@@H](O)[C@@H]1O.O=c1ccn([C@@H]2O[C@H](COP(=O)([O-])OP(=O)([O-])[O-])[C@@H](O)[C@H]2O)c(=O)[nH]1
151,33.461692,Q502B3,UDP-GalNAc:beta-1;3-N-acetylgalactosaminyltransferase 2,Danio rerio OX=7955,37,MNXR164302,MNXR113945_0.6959572050414836_0.7004838444515933,2.4.1.313,2.0,0.0,0.71275,0.700484,-1,0.706619,39.2,21.5,21.3,21.5,54875.60,6.0634,43.788,*O[C@@H]1O[C@H](CO)[C@@H](O[C@@H]2O[C@H](CO)[C@H](O)[C@H](O[C@@H]3O[C@H](CO)[C@@H](O)[C@H](O)[C@H]3NC(C)=O)[C@H]2O)[C@H](O)[C@H]1NC(C)=O.O=c1ccn([C@@H]2O[C@H](COP(=O)([O-])OP(=O)([O-])[O-])[C@@H](O)[C@H]2O)c(=O)[nH]1>>*O[C@@H]1O[C@H](CO)[C@@H](O[C@@H]2O[C@H](CO)[C@H](O)[C@H](O)[C@H]2O)[C@H](O)[C@H]1NC(C)=O.CC(=O)N[C@H]1[C@@H](OP(=O)([O-])OP(=O)([O-])OC[C@H]2O[C@@H](n3ccc(=O)[nH]c3=O)[C@H](O)[C@@H]2O)O[C@H](CO)[C@@H](O)[C@@H]1O,CC(=O)N[C@H]1[C@H](O[C@@H]2[C@@H](CO)O[C@H](O[C@@H]([*])[C@H](N[*])C([*])=O)[C@@H](O)[C@H]2O)O[C@H](CO)[C@@H](O)[C@@H]1O[C@@H]1O[C@H](CO)[C@H](O)[C@H](O)[C@H]1NC(C)=O.O=c1ccn([C@@H]2O[C@H](COP(=O)([O-])OP(=O)([O-])[O-])[C@@H](O)[C@H]2O)c(=O)[nH]1>>CC(=O)N[C@H]1[C@H](O[C@@H]2[C@@H](CO)O[C@H](O[C@@H]([*])[C@H](N[*])C([*])=O)[C@@H](O)[C@H]2O)O[C@H](CO)[C@@H](O)[C@@H]1O.CC(=O)N[C@H]1[C@@H](OP(=O)([O-])OP(=O)([O-])OC[C@H]2O[C@@H](n3ccc(=O)[nH]c3=O)[C@H](O)[C@@H]2O)O[C@H](CO)[C@H](O)[C@@H]1O
152,33.443692,P27808,Alpha-1;3-mannosyl-glycoprotein 2-beta-N-acetylglucosaminyltransferase,Mus musculus OX=10090,39,MNXR174057,-,2.4.1.101,1.0,0.0,0.75039,0.700484,1,0.725437,25.5,27.1,28.3,22.7,51690.20,9.1761,43.400,*O[C@@H]1O[C@H](CO)[C@@H](O[C@@H]2O[C@H](CO)[C@H](O)[C@H](O[C@@H]3O[C@H](CO)[C@@H](O)[C@H](O)[C@H]3NC(C)=O)[C@H]2O)[C@H](O)[C@H]1NC(C)=O.O=c1ccn([C@@H]2O[C@H](COP(=O)([O-])OP(=O)([O-])[O-])[C@@H](O)[C@H]2O)c(=O)[nH]1>>*O[C@@H]1O[C@H](CO)[C@@H](O[C@@H]2O[C@H](CO)[C@H](O)[C@H](O)[C@H]2O)[C@H](O)[C@H]1NC(C)=O.CC(=O)N[C@H]1[C@@H](OP(=O)([O-])OP(=O)([O-])OC[C@H]2O[C@@H](n3ccc(=O)[nH]c3=O)[C@H](O)[C@@H]2O)O[C@H](CO)[C@@H](O)[C@@H]1O,CC(=O)N[C@H]1[C@@H](OP(=O)([O-])OP(=O)([O-])OC[C@H]2O[C@@H](n3ccc(=O)[nH]c3=O)[C@H](O)[C@@H]2O)O[C@H](CO)[C@@H](O)[C@@H]1O.[*]O[C@@H]1O[C@H](CO)[C@@H](O)C(O[C@H]2O[C@H](CO)[C@@H](O)[C@H](O)[C@@H]2O)[C@@H]1O>>CC(=O)N[C@H]1C(O[C@@H]2C(O[C@@H]3[C@H](O)[C@H](O[*])O[C@H](CO)[C@H]3O)O[C@H](CO)[C@@H](O)[C@@H]2O)O[C@H](CO)[C@@H](O)[C@@H]1O.O=c1ccn([C@@H]2O[C@H](COP(=O)([O-])OP(=O)([O-])[O-])[C@@H](O)[C@H]2O)c(=O)[nH]1
153,33.443692,P26572,Alpha-1;3-mannosyl-glycoprotein 2-beta-N-acetylglucosaminyltransferase,Homo sapiens OX=9606,39,MNXR174057,-,2.4.1.101,1.0,0.0,0.75039,0.700484,1,0.725437,27.7,28.9,24.9,22.1,50878.36,9.4893,41.798,*O[C@@H]1O[C@H](CO)[C@@H](O[C@@H]2O[C@H](CO)[C@H](O)[C@H](O[C@@H]3O[C@H](CO)[C@@H](O)[C@H](O)[C@H]3NC(C)=O)[C@H]2O)[C@H](O)[C@H]1NC(C)=O.O=c1ccn([C@@H]2O[C@H](COP(=O)([O-])OP(=O)([O-])[O-])[C@@H](O)[C@H]2O)c(=O)[nH]1>>*O[C@@H]1O[C@H](CO)[C@@H](O[C@@H]2O[C@H](CO)[C@H](O)[C@H](O)[C@H]2O)[C@H](O)[C@H]1NC(C)=O.CC(=O)N[C@H]1[C@@H](OP(=O)([O-])OP(=O)([O-])OC[C@H]2O[C@@H](n3ccc(=O)[nH]c3=O)[C@H](O)[C@@H]2O)O[C@H](CO)[C@@H](O)[C@@H]1O,CC(=O)N[C@H]1[C@@H](OP(=O)([O-])OP(=O)([O-])OC[C@H]2O[C@@H](n3ccc(=O)[nH]c3=O)[C@H](O)[C@@H]2O)O[C@H](CO)[C@@H](O)[C@@H]1O.[*]O[C@@H]1O[C@H](CO)[C@@H](O)C(O[C@H]2O[C@H](CO)[C@@H](O)[C@H](O)[C@@H]2O)[C@@H]1O>>CC(=O)N[C@H]1C(O[C@@H]2C(O[C@@H]3[C@H](O)[C@H](O[*])O[C@H](CO)[C@H]3O)O[C@H](CO)[C@@H](O)[C@@H]2O)O[C@H](CO)[C@@H](O)[C@@H]1O.O=c1ccn([C@@H]2O[C@H](COP(=O)([O-])OP(=O)([O-])[O-])[C@@H](O)[C@H]2O)c(=O)[nH]1
154,33.167692,Q5NDE9,Protein O-linked-mannose beta-1;4-N-acetylglucosaminyltransferase 2,Canis lupus familiaris OX=9615,36,MNXR164303,-,2.4.1.312,2.0,0.0,0.68687,0.700484,1,0.693676,34.9,23.9,21.1,22.9,65995.36,8.8457,41.207,*O[C@@H]1O[C@H](CO)[C@@H](O[C@@H]2O[C@H](CO)[C@H](O)[C@H](O[C@@H]3O[C@H](CO)[C@@H](O)[C@H](O)[C@H]3NC(C)=O)[C@H]2O)[C@H](O)[C@H]1NC(C)=O.O=c1ccn([C@@H]2O[C@H](COP(=O)([O-])OP(=O)([O-])[O-])[C@@H](O)[C@H]2O)c(=O)[nH]1>>*O[C@@H]1O[C@H](CO)[C@@H](O[C@@H]2O[C@H](CO)[C@H](O)[C@H](O)[C@H]2O)[C@H](O)[C@H]1NC(C)=O.CC(=O)N[C@H]1[C@@H](OP(=O)([O-])OP(=O)([O-])OC[C@H]2O[C@@H](n3ccc(=O)[nH]c3=O)[C@H](O)[C@@H]2O)O[C@H](CO)[C@@H](O)[C@@H]1O,CC(=O)N[C@H]1[C@@H](OP(=O)([O-])OP(=O)([O-])OC[C@H]2O[C@@H](n3ccc(=O)[nH]c3=O)[C@H](O)[C@@H]2O)O[C@H](CO)[C@@H](O)[C@@H]1O.[*]N[C@H](C([*])=O)C([*])O[C@H]1O[C@H](CO)[C@@H](O)[C@H](O)[C@@H]1O>>CC(=O)N[C@H]1[C@H](O[C@@H]2[C@@H](CO)O[C@H](O[C@@H]([*])[C@H](N[*])C([*])=O)[C@@H](O)[C@H]2O)O[C@H](CO)[C@@H](O)[C@@H]1O.O=c1ccn([C@@H]2O[C@H](COP(=O)([O-])OP(=O)([O-])[O-])[C@@H](O)[C@H]2O)c(=O)[nH]1
155,33.036692,Q9Y169,Exostosin-2,Drosophila melanogaster OX=7227,42,MNXR110998,MNXR178078_0.8022461436548831_0.7004838444515933,2.4.1.224,1.0,0.0,0.80225,0.700484,-1,0.751365,39.7,21.5,22.5,18.5,82726.32,7.4848,46.862,*O[C@@H]1O[C@H](CO)[C@@H](O[C@@H]2O[C@H](CO)[C@H](O)[C@H](O[C@@H]3O[C@H](CO)[C@@H](O)[C@H](O)[C@H]3NC(C)=O)[C@H]2O)[C@H](O)[C@H]1NC(C)=O.O=c1ccn([C@@H]2O[C@H](COP(=O)([O-])OP(=O)([O-])[O-])[C@@H](O)[C@H]2O)c(=O)[nH]1>>*O[C@@H]1O[C@H](CO)[C@@H](O[C@@H]2O[C@H](CO)[C@H](O)[C@H](O)[C@H]2O)[C@H](O)[C@H]1NC(C)=O.CC(=O)N[C@H]1[C@@H](OP(=O)([O-])OP(=O)([O-])OC[C@H]2O[C@@H](n3ccc(=O)[nH]c3=O)[C@H](O)[C@@H]2O)O[C@H](CO)[C@@H](O)[C@@H]1O,CC(=O)N[C@H]1[C@@H](O[C@@H]2[C@@H](C(=O)O)O[C@@H](O[C@@H]3[C@@H](CO)O[C@H](O[*])[C@H](NC(C)=O)[C@H]3O)[C@H](O)[C@H]2O)O[C@H](CO)[C@@H](O)[C@@H]1O.O=c1ccn([C@@H]2O[C@H](COP(=O)([O-])OP(=O)([O-])[O-])[C@@H](O)[C@H]2O)c(=O)[nH]1>>CC(=O)N[C@H]1[C@@H](O[*])O[C@H](CO)[C@@H](O[C@@H]2O[C@H](C(=O)O)[C@@H](O)[C@H](O)[C@H]2O)[C@@H]1O.CC(=O)N[C@H]1[C@@H](OP(=O)([O-])OP(=O)([O-])OC[C@H]2O[C@@H](n3ccc(=O)[nH]c3=O)[C@H](O)[C@@H]2O)O[C@H](CO)[C@@H](O)[C@@H]1O
156,33.036692,Q9XZ08,Exostosin-3,Drosophila melanogaster OX=7227,42,MNXR110998,MNXR178078_0.8022461436548831_0.7004838444515933,2.4.1.224,1.0,0.0,0.80225,0.700484,-1,0.751365,30.8,24.4,26.0,20.5,110999.88,7.1561,45.267,*O[C@@H]1O[C@H](CO)[C@@H](O[C@@H]2O[C@H](CO)[C@H](O)[C@H](O[C@@H]3O[C@H](CO)[C@@H](O)[C@H](O)[C@H]3NC(C)=O)[C@H]2O)[C@H](O)[C@H]1NC(C)=O.O=c1ccn([C@@H]2O[C@H](COP(=O)([O-])OP(=O)([O-])[O-])[C@@H](O)[C@H]2O)c(=O)[nH]1>>*O[C@@H]1O[C@H](CO)[C@@H](O[C@@H]2O[C@H](CO)[C@H](O)[C@H](O)[C@H]2O)[C@H](O)[C@H]1NC(C)=O.CC(=O)N[C@H]1[C@@H](OP(=O)([O-])OP(=O)([O-])OC[C@H]2O[C@@H](n3ccc(=O)[nH]c3=O)[C@H](O)[C@@H]2O)O[C@H](CO)[C@@H](O)[C@@H]1O,CC(=O)N[C@H]1[C@@H](O[C@@H]2[C@@H](C(=O)O)O[C@@H](O[C@@H]3[C@@H](CO)O[C@H](O[*])[C@H](NC(C)=O)[C@H]3O)[C@H](O)[C@H]2O)O[C@H](CO)[C@@H](O)[C@@H]1O.O=c1ccn([C@@H]2O[C@H](COP(=O)([O-])OP(=O)([O-])[O-])[C@@H](O)[C@H]2O)c(=O)[nH]1>>CC(=O)N[C@H]1[C@@H](O[*])O[C@H](CO)[C@@H](O[C@@H]2O[C@H](C(=O)O)[C@@H](O)[C@H](O)[C@H]2O)[C@@H]1O.CC(=O)N[C@H]1[C@@H](OP(=O)([O-])OP(=O)([O-])OC[C@H]2O[C@@H](n3ccc(=O)[nH]c3=O)[C@H](O)[C@@H]2O)O[C@H](CO)[C@@H](O)[C@@H]1O
157,33.036692,Q9V730,Exostosin-1,Drosophila melanogaster OX=7227,42,MNXR110998,MNXR178078_0.8022461436548831_0.7004838444515933,2.4.1.224,1.0,0.0,0.80225,0.700484,-1,0.751365,20.2,30.1,29.8,22.0,87308.66,9.3724,45.658,*O[C@@H]1O[C@H](CO)[C@@H](O[C@@H]2O[C@H](CO)[C@H](O)[C@H](O[C@@H]3O[C@H](CO)[C@@H](O)[C@H](O)[C@H]3NC(C)=O)[C@H]2O)[C@H](O)[C@H]1NC(C)=O.O=c1ccn([C@@H]2O[C@H](COP(=O)([O-])OP(=O)([O-])[O-])[C@@H](O)[C@H]2O)c(=O)[nH]1>>*O[C@@H]1O[C@H](CO)[C@@H](O[C@@H]2O[C@H](CO)[C@H](O)[C@H](O)[C@H]2O)[C@H](O)[C@H]1NC(C)=O.CC(=O)N[C@H]1[C@@H](OP(=O)([O-])OP(=O)([O-])OC[C@H]2O[C@@H](n3ccc(=O)[nH]c3=O)[C@H](O)[C@@H]2O)O[C@H](CO)[C@@H](O)[C@@H]1O,CC(=O)N[C@H]1[C@@H](O[C@@H]2[C@@H](C(=O)O)O[C@@H](O[C@@H]3[C@@H](CO)O[C@H](O[*])[C@H](NC(C)=O)[C@H]3O)[C@H](O)[C@H]2O)O[C@H](CO)[C@@H](O)[C@@H]1O.O=c1ccn([C@@H]2O[C@H](COP(=O)([O-])OP(=O)([O-])[O-])[C@@H](O)[C@H]2O)c(=O)[nH]1>>CC(=O)N[C@H]1[C@@H](O[*])O[C@H](CO)[C@@H](O[C@@H]2O[C@H](C(=O)O)[C@@H](O)[C@H](O)[C@H]2O)[C@@H]1O.CC(=O)N[C@H]1[C@@H](OP(=O)([O-])OP(=O)([O-])OC[C@H]2O[C@@H](n3ccc(=O)[nH]c3=O)[C@H](O)[C@@H]2O)O[C@H](CO)[C@@H](O)[C@@H]1O
158,32.975192,O77836,Alpha-1;3-mannosyl-glycoprotein 4-beta-N-acetylglucosaminyltransferase A,Bos taurus OX=9913,37,MNXR148894,MNXR148895_0.7010216941463672_0.7004838444515933,2.4.1.145,1.0,0.0,0.70102,0.700484,1,0.700753,39.9,23.1,16.2,23.9,61617.95,7.0042,48.598,*O[C@@H]1O[C@H](CO)[C@@H](O[C@@H]2O[C@H](CO)[C@H](O)[C@H](O[C@@H]3O[C@H](CO)[C@@H](O)[C@H](O)[C@H]3NC(C)=O)[C@H]2O)[C@H](O)[C@H]1NC(C)=O.O=c1ccn([C@@H]2O[C@H](COP(=O)([O-])OP(=O)([O-])[O-])[C@@H](O)[C@H]2O)c(=O)[nH]1>>*O[C@@H]1O[C@H](CO)[C@@H](O[C@@H]2O[C@H](CO)[C@H](O)[C@H](O)[C@H]2O)[C@H](O)[C@H]1NC(C)=O.CC(=O)N[C@H]1[C@@H](OP(=O)([O-])OP(=O)([O-])OC[C@H]2O[C@@H](n3ccc(=O)[nH]c3=O)[C@H](O)[C@@H]2O)O[C@H](CO)[C@@H](O)[C@@H]1O,CC(=O)N[C@H]1[C@@H](OP(=O)([O-])OP(=O)([O-])OC[C@H]2O[C@@H](n3ccc(=O)[nH]c3=O)[C@H](O)[C@@H]2O)O[C@H](CO)[C@@H](O)[C@@H]1O.CC(=O)N[C@H]1[C@H](O[C@H]2[C@@H](O)[C@H](O)[C@@H](CO)O[C@@H]2O[C@@H]2[C@H](O)[C@H](O[*])O[C@H](CO)[C@H]2O)O[C@H](CO)[C@@H](O)[C@@H]1O>>CC(=O)N[C@H]1[C@H](O[C@H]2[C@H](O)[C@H](O[C@@H]3O[C@H](CO)[C@@H](O)[C@H](O)[C@H]3NC(C)=O)[C@@H](O[C@@H]3[C@H](O)[C@H](O[*])O[C@H](CO)[C@H]3O)O[C@@H]2CO)O[C@H](CO)[C@@H](O)[C@@H]1O.O=c1ccn([C@@H]2O[C@H](COP(=O)([O-])OP(=O)([O-])[O-])[C@@H](O)[C@H]2O)c(=O)[nH]1
159,32.945692,Q6L9W6,Beta-1;4-N-acetylgalactosaminyltransferase 3,Homo sapiens OX=9606,39,MNXR166096,-,2.4.1.244,1.0,0.0,0.74043,0.700484,-1,0.720455,26.4,21.6,26.4,27.3,114974.91,7.5174,48.798,*O[C@@H]1O[C@H](CO)[C@@H](O[C@@H]2O[C@H](CO)[C@H](O)[C@H](O[C@@H]3O[C@H](CO)[C@@H](O)[C@H](O)[C@H]3NC(C)=O)[C@H]2O)[C@H](O)[C@H]1NC(C)=O.O=c1ccn([C@@H]2O[C@H](COP(=O)([O-])OP(=O)([O-])[O-])[C@@H](O)[C@H]2O)c(=O)[nH]1>>*O[C@@H]1O[C@H](CO)[C@@H](O[C@@H]2O[C@H](CO)[C@H](O)[C@H](O)[C@H]2O)[C@H](O)[C@H]1NC(C)=O.CC(=O)N[C@H]1[C@@H](OP(=O)([O-])OP(=O)([O-])OC[C@H]2O[C@@H](n3ccc(=O)[nH]c3=O)[C@H](O)[C@@H]2O)O[C@H](CO)[C@@H](O)[C@@H]1O,CC(=O)N[C@H]1[C@H](O[*])O[C@H](CO)[C@@H](O[C@@H]2O[C@H](CO)[C@H](O)[C@H](O)[C@H]2NC(C)=O)[C@@H]1O.O=c1ccn([C@@H]2O[C@H](COP(=O)([O-])OP(=O)([O-])[O-])[C@@H](O)[C@H]2O)c(=O)[nH]1>>CC(=O)N[C@H]1[C@H](O[*])O[C@H](CO)[C@@H](O)[C@@H]1O.CC(=O)N[C@H]1[C@@H](OP(=O)([O-])OP(=O)([O-])OC[C@H]2O[C@@H](n3ccc(=O)[nH]c3=O)[C@H](O)[C@@H]2O)O[C@H](CO)[C@H](O)[C@@H]1O
160,32.945692,Q76KP1,N-acetyl-beta-glucosaminyl-glycoprotein 4-beta-N-acetylgalactosaminyltransferase 1,Homo sapiens OX=9606,39,MNXR166096,-,2.4.1.244,1.0,0.0,0.74043,0.700484,-1,0.720455,29.9,21.6,23.0,27.1,116513.20,6.9656,45.236,*O[C@@H]1O[C@H](CO)[C@@H](O[C@@H]2O[C@H](CO)[C@H](O)[C@H](O[C@@H]3O[C@H](CO)[C@@H](O)[C@H](O)[C@H]3NC(C)=O)[C@H]2O)[C@H](O)[C@H]1NC(C)=O.O=c1ccn([C@@H]2O[C@H](COP(=O)([O-])OP(=O)([O-])[O-])[C@@H](O)[C@H]2O)c(=O)[nH]1>>*O[C@@H]1O[C@H](CO)[C@@H](O[C@@H]2O[C@H](CO)[C@H](O)[C@H](O)[C@H]2O)[C@H](O)[C@H]1NC(C)=O.CC(=O)N[C@H]1[C@@H](OP(=O)([O-])OP(=O)([O-])OC[C@H]2O[C@@H](n3ccc(=O)[nH]c3=O)[C@H](O)[C@@H]2O)O[C@H](CO)[C@@H](O)[C@@H]1O,CC(=O)N[C@H]1[C@H](O[*])O[C@H](CO)[C@@H](O[C@@H]2O[C@H](CO)[C@H](O)[C@H](O)[C@H]2NC(C)=O)[C@@H]1O.O=c1ccn([C@@H]2O[C@H](COP(=O)([O-])OP(=O)([O-])[O-])[C@@H](O)[C@H]2O)c(=O)[nH]1>>CC(=O)N[C@H]1[C@H](O[*])O[C@H](CO)[C@@H](O)[C@@H]1O.CC(=O)N[C@H]1[C@@H](OP(=O)([O-])OP(=O)([O-])OC[C@H]2O[C@@H](n3ccc(=O)[nH]c3=O)[C@H](O)[C@@H]2O)O[C@H](CO)[C@H](O)[C@@H]1O
161,32.875192,Q6GMK0,Alpha-1;3-mannosyl-glycoprotein 4-beta-N-acetylglucosaminyltransferase B,Danio rerio OX=7955,37,MNXR148894,MNXR148895_0.7010216941463672_0.7004838444515933,2.4.1.145,2.0,0.0,0.70102,0.700484,1,0.700753,44.1,24.1,15.8,19.0,62991.44,7.9775,48.446,*O[C@@H]1O[C@H](CO)[C@@H](O[C@@H]2O[C@H](CO)[C@H](O)[C@H](O[C@@H]3O[C@H](CO)[C@@H](O)[C@H](O)[C@H]3NC(C)=O)[C@H]2O)[C@H](O)[C@H]1NC(C)=O.O=c1ccn([C@@H]2O[C@H](COP(=O)([O-])OP(=O)([O-])[O-])[C@@H](O)[C@H]2O)c(=O)[nH]1>>*O[C@@H]1O[C@H](CO)[C@@H](O[C@@H]2O[C@H](CO)[C@H](O)[C@H](O)[C@H]2O)[C@H](O)[C@H]1NC(C)=O.CC(=O)N[C@H]1[C@@H](OP(=O)([O-])OP(=O)([O-])OC[C@H]2O[C@@H](n3ccc(=O)[nH]c3=O)[C@H](O)[C@@H]2O)O[C@H](CO)[C@@H](O)[C@@H]1O,CC(=O)N[C@H]1[C@@H](OP(=O)([O-])OP(=O)([O-])OC[C@H]2O[C@@H](n3ccc(=O)[nH]c3=O)[C@H](O)[C@@H]2O)O[C@H](CO)[C@@H](O)[C@@H]1O.CC(=O)N[C@H]1[C@H](O[C@H]2[C@@H](O)[C@H](O)[C@@H](CO)O[C@@H]2O[C@@H]2[C@H](O)[C@H](O[*])O[C@H](CO)[C@H]2O)O[C@H](CO)[C@@H](O)[C@@H]1O>>CC(=O)N[C@H]1[C@H](O[C@H]2[C@H](O)[C@H](O[C@@H]3O[C@H](CO)[C@@H](O)[C@H](O)[C@H]3NC(C)=O)[C@@H](O[C@@H]3[C@H](O)[C@H](O[*])O[C@H](CO)[C@H]3O)O[C@@H]2CO)O[C@H](CO)[C@@H](O)[C@@H]1O.O=c1ccn([C@@H]2O[C@H](COP(=O)([O-])OP(=O)([O-])[O-])[C@@H](O)[C@H]2O)c(=O)[nH]1
162,32.875192,Q5U3T0,Alpha-1;3-mannosyl-glycoprotein 4-beta-N-acetylglucosaminyltransferase C,Danio rerio OX=7955,37,MNXR148894,MNXR148895_0.7010216941463672_0.7004838444515933,2.4.1.145,2.0,0.0,0.70102,0.700484,1,0.700753,24.9,32.0,24.0,22.8,52253.78,7.6513,47.577,*O[C@@H]1O[C@H](CO)[C@@H](O[C@@H]2O[C@H](CO)[C@H](O)[C@H](O[C@@H]3O[C@H](CO)[C@@H](O)[C@H](O)[C@H]3NC(C)=O)[C@H]2O)[C@H](O)[C@H]1NC(C)=O.O=c1ccn([C@@H]2O[C@H](COP(=O)([O-])OP(=O)([O-])[O-])[C@@H](O)[C@H]2O)c(=O)[nH]1>>*O[C@@H]1O[C@H](CO)[C@@H](O[C@@H]2O[C@H](CO)[C@H](O)[C@H](O)[C@H]2O)[C@H](O)[C@H]1NC(C)=O.CC(=O)N[C@H]1[C@@H](OP(=O)([O-])OP(=O)([O-])OC[C@H]2O[C@@H](n3ccc(=O)[nH]c3=O)[C@H](O)[C@@H]2O)O[C@H](CO)[C@@H](O)[C@@H]1O,CC(=O)N[C@H]1[C@@H](OP(=O)([O-])OP(=O)([O-])OC[C@H]2O[C@@H](n3ccc(=O)[nH]c3=O)[C@H](O)[C@@H]2O)O[C@H](CO)[C@@H](O)[C@@H]1O.CC(=O)N[C@H]1[C@H](O[C@H]2[C@@H](O)[C@H](O)[C@@H](CO)O[C@@H]2O[C@@H]2[C@H](O)[C@H](O[*])O[C@H](CO)[C@H]2O)O[C@H](CO)[C@@H](O)[C@@H]1O>>CC(=O)N[C@H]1[C@H](O[C@H]2[C@H](O)[C@H](O[C@@H]3O[C@H](CO)[C@@H](O)[C@H](O)[C@H]3NC(C)=O)[C@@H](O[C@@H]3[C@H](O)[C@H](O[*])O[C@H](CO)[C@H]3O)O[C@@H]2CO)O[C@H](CO)[C@@H](O)[C@@H]1O.O=c1ccn([C@@H]2O[C@H](COP(=O)([O-])OP(=O)([O-])[O-])[C@@H](O)[C@H]2O)c(=O)[nH]1
163,32.845692,Q766D5,N-acetyl-beta-glucosaminyl-glycoprotein 4-beta-N-acetylgalactosaminyltransferase 1,Mus musculus OX=10090,39,MNXR166096,-,2.4.1.244,2.0,0.0,0.74043,0.700484,-1,0.720455,28.7,22.1,22.9,27.9,117373.34,6.5876,47.582,*O[C@@H]1O[C@H](CO)[C@@H](O[C@@H]2O[C@H](CO)[C@H](O)[C@H](O[C@@H]3O[C@H](CO)[C@@H](O)[C@H](O)[C@H]3NC(C)=O)[C@H]2O)[C@H](O)[C@H]1NC(C)=O.O=c1ccn([C@@H]2O[C@H](COP(=O)([O-])OP(=O)([O-])[O-])[C@@H](O)[C@H]2O)c(=O)[nH]1>>*O[C@@H]1O[C@H](CO)[C@@H](O[C@@H]2O[C@H](CO)[C@H](O)[C@H](O)[C@H]2O)[C@H](O)[C@H]1NC(C)=O.CC(=O)N[C@H]1[C@@H](OP(=O)([O-])OP(=O)([O-])OC[C@H]2O[C@@H](n3ccc(=O)[nH]c3=O)[C@H](O)[C@@H]2O)O[C@H](CO)[C@@H](O)[C@@H]1O,CC(=O)N[C@H]1[C@H](O[*])O[C@H](CO)[C@@H](O[C@@H]2O[C@H](CO)[C@H](O)[C@H](O)[C@H]2NC(C)=O)[C@@H]1O.O=c1ccn([C@@H]2O[C@H](COP(=O)([O-])OP(=O)([O-])[O-])[C@@H](O)[C@H]2O)c(=O)[nH]1>>CC(=O)N[C@H]1[C@H](O[*])O[C@H](CO)[C@@H](O)[C@@H]1O.CC(=O)N[C@H]1[C@@H](OP(=O)([O-])OP(=O)([O-])OC[C@H]2O[C@@H](n3ccc(=O)[nH]c3=O)[C@H](O)[C@@H]2O)O[C@H](CO)[C@H](O)[C@@H]1O
164,32.845692,Q6L8S8,Beta-1;4-N-acetylgalactosaminyltransferase 3,Mus musculus OX=10090,39,MNXR166096,-,2.4.1.244,2.0,0.0,0.74043,0.700484,-1,0.720455,27.1,21.5,27.7,25.3,113509.46,7.9368,49.391,*O[C@@H]1O[C@H](CO)[C@@H](O[C@@H]2O[C@H](CO)[C@H](O)[C@H](O[C@@H]3O[C@H](CO)[C@@H](O)[C@H](O)[C@H]3NC(C)=O)[C@H]2O)[C@H](O)[C@H]1NC(C)=O.O=c1ccn([C@@H]2O[C@H](COP(=O)([O-])OP(=O)([O-])[O-])[C@@H](O)[C@H]2O)c(=O)[nH]1>>*O[C@@H]1O[C@H](CO)[C@@H](O[C@@H]2O[C@H](CO)[C@H](O)[C@H](O)[C@H]2O)[C@H](O)[C@H]1NC(C)=O.CC(=O)N[C@H]1[C@@H](OP(=O)([O-])OP(=O)([O-])OC[C@H]2O[C@@H](n3ccc(=O)[nH]c3=O)[C@H](O)[C@@H]2O)O[C@H](CO)[C@@H](O)[C@@H]1O,CC(=O)N[C@H]1[C@H](O[*])O[C@H](CO)[C@@H](O[C@@H]2O[C@H](CO)[C@H](O)[C@H](O)[C@H]2NC(C)=O)[C@@H]1O.O=c1ccn([C@@H]2O[C@H](COP(=O)([O-])OP(=O)([O-])[O-])[C@@H](O)[C@H]2O)c(=O)[nH]1>>CC(=O)N[C@H]1[C@H](O[*])O[C@H](CO)[C@@H](O)[C@@H]1O.CC(=O)N[C@H]1[C@@H](OP(=O)([O-])OP(=O)([O-])OC[C@H]2O[C@@H](n3ccc(=O)[nH]c3=O)[C@H](O)[C@@H]2O)O[C@H](CO)[C@H](O)[C@@H]1O
165,31.875192,Q5M854,Alpha-1;3-mannosyl-glycoprotein 4-beta-N-acetylglucosaminyltransferase A,Rattus norvegicus OX=10116,38,MNXR148894,MNXR148895_0.7010216941463672_0.7004838444515933,2.4.1.145,2.0,0.0,0.70102,0.700484,1,0.700753,38.8,24.1,14.1,26.1,60589.85,7.4441,47.909,*O[C@@H]1O[C@H](CO)[C@@H](O[C@@H]2O[C@H](CO)[C@H](O)[C@H](O[C@@H]3O[C@H](CO)[C@@H](O)[C@H](O)[C@H]3NC(C)=O)[C@H]2O)[C@H](O)[C@H]1NC(C)=O.O=c1ccn([C@@H]2O[C@H](COP(=O)([O-])OP(=O)([O-])[O-])[C@@H](O)[C@H]2O)c(=O)[nH]1>>*O[C@@H]1O[C@H](CO)[C@@H](O[C@@H]2O[C@H](CO)[C@H](O)[C@H](O)[C@H]2O)[C@H](O)[C@H]1NC(C)=O.CC(=O)N[C@H]1[C@@H](OP(=O)([O-])OP(=O)([O-])OC[C@H]2O[C@@H](n3ccc(=O)[nH]c3=O)[C@H](O)[C@@H]2O)O[C@H](CO)[C@@H](O)[C@@H]1O,CC(=O)N[C@H]1[C@@H](OP(=O)([O-])OP(=O)([O-])OC[C@H]2O[C@@H](n3ccc(=O)[nH]c3=O)[C@H](O)[C@@H]2O)O[C@H](CO)[C@@H](O)[C@@H]1O.CC(=O)N[C@H]1[C@H](O[C@H]2[C@@H](O)[C@H](O)[C@@H](CO)O[C@@H]2O[C@@H]2[C@H](O)[C@H](O[*])O[C@H](CO)[C@H]2O)O[C@H](CO)[C@@H](O)[C@@H]1O>>CC(=O)N[C@H]1[C@H](O[C@H]2[C@H](O)[C@H](O[C@@H]3O[C@H](CO)[C@@H](O)[C@H](O)[C@H]3NC(C)=O)[C@@H](O[C@@H]3[C@H](O)[C@H](O[*])O[C@H](CO)[C@H]3O)O[C@@H]2CO)O[C@H](CO)[C@@H](O)[C@@H]1O.O=c1ccn([C@@H]2O[C@H](COP(=O)([O-])OP(=O)([O-])[O-])[C@@H](O)[C@H]2O)c(=O)[nH]1
166,31.561692,Q8BG28,UDP-GalNAc:beta-1;3-N-acetylgalactosaminyltransferase 2,Mus musculus OX=10090,39,MNXR164302,MNXR113945_0.6959572050414836_0.7004838444515933,2.4.1.313,1.0,0.0,0.71275,0.700484,-1,0.706619,27.5,25.2,26.4,24.2,57218.92,4.9857,44.246,*O[C@@H]1O[C@H](CO)[C@@H](O[C@@H]2O[C@H](CO)[C@H](O)[C@H](O[C@@H]3O[C@H](CO)[C@@H](O)[C@H](O)[C@H]3NC(C)=O)[C@H]2O)[C@H](O)[C@H]1NC(C)=O.O=c1ccn([C@@H]2O[C@H](COP(=O)([O-])OP(=O)([O-])[O-])[C@@H](O)[C@H]2O)c(=O)[nH]1>>*O[C@@H]1O[C@H](CO)[C@@H](O[C@@H]2O[C@H](CO)[C@H](O)[C@H](O)[C@H]2O)[C@H](O)[C@H]1NC(C)=O.CC(=O)N[C@H]1[C@@H](OP(=O)([O-])OP(=O)([O-])OC[C@H]2O[C@@H](n3ccc(=O)[nH]c3=O)[C@H](O)[C@@H]2O)O[C@H](CO)[C@@H](O)[C@@H]1O,CC(=O)N[C@H]1[C@H](O[C@@H]2[C@@H](CO)O[C@H](O[C@@H]([*])[C@H](N[*])C([*])=O)[C@@H](O)[C@H]2O)O[C@H](CO)[C@@H](O)[C@@H]1O[C@@H]1O[C@H](CO)[C@H](O)[C@H](O)[C@H]1NC(C)=O.O=c1ccn([C@@H]2O[C@H](COP(=O)([O-])OP(=O)([O-])[O-])[C@@H](O)[C@H]2O)c(=O)[nH]1>>CC(=O)N[C@H]1[C@H](O[C@@H]2[C@@H](CO)O[C@H](O[C@@H]([*])[C@H](N[*])C([*])=O)[C@@H](O)[C@H]2O)O[C@H](CO)[C@@H](O)[C@@H]1O.CC(=O)N[C@H]1[C@@H](OP(=O)([O-])OP(=O)([O-])OC[C@H]2O[C@@H](n3ccc(=O)[nH]c3=O)[C@H](O)[C@@H]2O)O[C@H](CO)[C@H](O)[C@@H]1O
167,31.561692,Q8NCR0,UDP-GalNAc:beta-1;3-N-acetylgalactosaminyltransferase 2,Homo sapiens OX=9606,39,MNXR164302,MNXR113945_0.6959572050414836_0.7004838444515933,2.4.1.313,1.0,0.0,0.71275,0.700484,-1,0.706619,23.3,29.3,25.0,25.6,56703.67,5.4684,43.400,*O[C@@H]1O[C@H](CO)[C@@H](O[C@@H]2O[C@H](CO)[C@H](O)[C@H](O[C@@H]3O[C@H](CO)[C@@H](O)[C@H](O)[C@H]3NC(C)=O)[C@H]2O)[C@H](O)[C@H]1NC(C)=O.O=c1ccn([C@@H]2O[C@H](COP(=O)([O-])OP(=O)([O-])[O-])[C@@H](O)[C@H]2O)c(=O)[nH]1>>*O[C@@H]1O[C@H](CO)[C@@H](O[C@@H]2O[C@H](CO)[C@H](O)[C@H](O)[C@H]2O)[C@H](O)[C@H]1NC(C)=O.CC(=O)N[C@H]1[C@@H](OP(=O)([O-])OP(=O)([O-])OC[C@H]2O[C@@H](n3ccc(=O)[nH]c3=O)[C@H](O)[C@@H]2O)O[C@H](CO)[C@@H](O)[C@@H]1O,CC(=O)N[C@H]1[C@H](O[C@@H]2[C@@H](CO)O[C@H](O[C@@H]([*])[C@H](N[*])C([*])=O)[C@@H](O)[C@H]2O)O[C@H](CO)[C@@H](O)[C@@H]1O[C@@H]1O[C@H](CO)[C@H](O)[C@H](O)[C@H]1NC(C)=O.O=c1ccn([C@@H]2O[C@H](COP(=O)([O-])OP(=O)([O-])[O-])[C@@H](O)[C@H]2O)c(=O)[nH]1>>CC(=O)N[C@H]1[C@H](O[C@@H]2[C@@H](CO)O[C@H](O[C@@H]([*])[C@H](N[*])C([*])=O)[C@@H](O)[C@H]2O)O[C@H](CO)[C@@H](O)[C@@H]1O.CC(=O)N[C@H]1[C@@H](OP(=O)([O-])OP(=O)([O-])OC[C@H]2O[C@@H](n3ccc(=O)[nH]c3=O)[C@H](O)[C@@H]2O)O[C@H](CO)[C@H](O)[C@@H]1O
168,31.560192,Q6ZMB0,Acetylgalactosaminyl-O-glycosyl-glycoprotein beta-1;3-N-acetylglucosaminyltransferase,Homo sapiens OX=9606,39,MNXR135234,MNXR153249_0.7127158180789686_0.7004838444515933|MNXR153248_0.7001854078709576_0.7004838444515933,2.4.1.147,1.0,0.0,0.71272,0.700484,1,0.706600,38.3,16.0,26.9,23.1,42748.05,7.7647,38.542,*O[C@@H]1O[C@H](CO)[C@@H](O[C@@H]2O[C@H](CO)[C@H](O)[C@H](O[C@@H]3O[C@H](CO)[C@@H](O)[C@H](O)[C@H]3NC(C)=O)[C@H]2O)[C@H](O)[C@H]1NC(C)=O.O=c1ccn([C@@H]2O[C@H](COP(=O)([O-])OP(=O)([O-])[O-])[C@@H](O)[C@H]2O)c(=O)[nH]1>>*O[C@@H]1O[C@H](CO)[C@@H](O[C@@H]2O[C@H](CO)[C@H](O)[C@H](O)[C@H]2O)[C@H](O)[C@H]1NC(C)=O.CC(=O)N[C@H]1[C@@H](OP(=O)([O-])OP(=O)([O-])OC[C@H]2O[C@@H](n3ccc(=O)[nH]c3=O)[C@H](O)[C@@H]2O)O[C@H](CO)[C@@H](O)[C@@H]1O,CC(=O)N[C@H]1[C@@H](OP(=O)([O-])OP(=O)([O-])OC[C@H]2O[C@@H](n3ccc(=O)[nH]c3=O)[C@H](O)[C@@H]2O)O[C@H](CO)[C@@H](O)[C@@H]1O.CC(=O)N[C@H]1[C@H](O[*])O[C@H](CO)[C@H](O)[C@@H]1O>>CC(=O)N[C@H]1[C@H](O[C@H]2[C@@H](O)[C@@H](CO)O[C@H](O[*])[C@@H]2NC(C)=O)O[C@H](CO)[C@@H](O)[C@@H]1O.O=c1ccn([C@@H]2O[C@H](COP(=O)([O-])OP(=O)([O-])[O-])[C@@H](O)[C@H]2O)c(=O)[nH]1
169,31.460192,Q3USF0,Acetylgalactosaminyl-O-glycosyl-glycoprotein beta-1;3-N-acetylglucosaminyltransferase,Mus musculus OX=10090,39,MNXR135234,MNXR153249_0.7127158180789686_0.7004838444515933|MNXR153248_0.7001854078709576_0.7004838444515933,2.4.1.147,2.0,0.0,0.71272,0.700484,1,0.706600,34.9,28.8,24.3,16.3,43950.70,8.7788,40.665,*O[C@@H]1O[C@H](CO)[C@@H](O[C@@H]2O[C@H](CO)[C@H](O)[C@H](O[C@@H]3O[C@H](CO)[C@@H](O)[C@H](O)[C@H]3NC(C)=O)[C@H]2O)[C@H](O)[C@H]1NC(C)=O.O=c1ccn([C@@H]2O[C@H](COP(=O)([O-])OP(=O)([O-])[O-])[C@@H](O)[C@H]2O)c(=O)[nH]1>>*O[C@@H]1O[C@H](CO)[C@@H](O[C@@H]2O[C@H](CO)[C@H](O)[C@H](O)[C@H]2O)[C@H](O)[C@H]1NC(C)=O.CC(=O)N[C@H]1[C@@H](OP(=O)([O-])OP(=O)([O-])OC[C@H]2O[C@@H](n3ccc(=O)[nH]c3=O)[C@H](O)[C@@H]2O)O[C@H](CO)[C@@H](O)[C@@H]1O,CC(=O)N[C@H]1[C@@H](OP(=O)([O-])OP(=O)([O-])OC[C@H]2O[C@@H](n3ccc(=O)[nH]c3=O)[C@H](O)[C@@H]2O)O[C@H](CO)[C@@H](O)[C@@H]1O.CC(=O)N[C@H]1[C@H](O[*])O[C@H](CO)[C@H](O)[C@@H]1O>>CC(=O)N[C@H]1[C@H](O[C@H]2[C@@H](O)[C@@H](CO)O[C@H](O[*])[C@@H]2NC(C)=O)O[C@H](CO)[C@@H](O)[C@@H]1O.O=c1ccn([C@@H]2O[C@H](COP(=O)([O-])OP(=O)([O-])[O-])[C@@H](O)[C@H]2O)c(=O)[nH]1
170,31.402692,Q02527,Beta-1;4-mannosyl-glycoprotein 4-beta-N-acetylglucosaminyltransferase,Rattus norvegicus OX=10116,38,MNXR149841,MNXR149842_0.6895689664251922_0.7004838444515933|MNXR174079_0.6895689664251922_0.7004838444515933,2.4.1.144,1.0,0.0,0.68957,0.700484,1,0.695026,23.4,25.5,30.7,23.6,62021.73,8.6187,44.610,*O[C@@H]1O[C@H](CO)[C@@H](O[C@@H]2O[C@H](CO)[C@H](O)[C@H](O[C@@H]3O[C@H](CO)[C@@H](O)[C@H](O)[C@H]3NC(C)=O)[C@H]2O)[C@H](O)[C@H]1NC(C)=O.O=c1ccn([C@@H]2O[C@H](COP(=O)([O-])OP(=O)([O-])[O-])[C@@H](O)[C@H]2O)c(=O)[nH]1>>*O[C@@H]1O[C@H](CO)[C@@H](O[C@@H]2O[C@H](CO)[C@H](O)[C@H](O)[C@H]2O)[C@H](O)[C@H]1NC(C)=O.CC(=O)N[C@H]1[C@@H](OP(=O)([O-])OP(=O)([O-])OC[C@H]2O[C@@H](n3ccc(=O)[nH]c3=O)[C@H](O)[C@@H]2O)O[C@H](CO)[C@@H](O)[C@@H]1O,CC(=O)N[C@H]1[C@@H](OP(=O)([O-])OP(=O)([O-])OC[C@H]2O[C@@H](n3ccc(=O)[nH]c3=O)[C@H](O)[C@@H]2O)O[C@H](CO)[C@@H](O)[C@@H]1O.[*]O[C@@H]1O[C@H](CO)[C@@H](O)[C@H](O)[C@@H]1O>>CC(=O)N[C@H]1[C@H](O[C@@H]2[C@@H](CO)O[C@@H](O[*])[C@@H](O)[C@H]2O)O[C@H](CO)[C@@H](O)[C@@H]1O.O=c1ccn([C@@H]2O[C@H](COP(=O)([O-])OP(=O)([O-])[O-])[C@@H](O)[C@H]2O)c(=O)[nH]1
171,31.267692,Q5NDF0,Protein O-linked-mannose beta-1;4-N-acetylglucosaminyltransferase 2,Rattus norvegicus OX=10116,38,MNXR164303,-,2.4.1.312,1.0,0.0,0.68687,0.700484,1,0.693676,31.9,25.2,21.8,23.9,66717.14,8.5930,42.759,*O[C@@H]1O[C@H](CO)[C@@H](O[C@@H]2O[C@H](CO)[C@H](O)[C@H](O[C@@H]3O[C@H](CO)[C@@H](O)[C@H](O)[C@H]3NC(C)=O)[C@H]2O)[C@H](O)[C@H]1NC(C)=O.O=c1ccn([C@@H]2O[C@H](COP(=O)([O-])OP(=O)([O-])[O-])[C@@H](O)[C@H]2O)c(=O)[nH]1>>*O[C@@H]1O[C@H](CO)[C@@H](O[C@@H]2O[C@H](CO)[C@H](O)[C@H](O)[C@H]2O)[C@H](O)[C@H]1NC(C)=O.CC(=O)N[C@H]1[C@@H](OP(=O)([O-])OP(=O)([O-])OC[C@H]2O[C@@H](n3ccc(=O)[nH]c3=O)[C@H](O)[C@@H]2O)O[C@H](CO)[C@@H](O)[C@@H]1O,CC(=O)N[C@H]1[C@@H](OP(=O)([O-])OP(=O)([O-])OC[C@H]2O[C@@H](n3ccc(=O)[nH]c3=O)[C@H](O)[C@@H]2O)O[C@H](CO)[C@@H](O)[C@@H]1O.[*]N[C@H](C([*])=O)C([*])O[C@H]1O[C@H](CO)[C@@H](O)[C@H](O)[C@@H]1O>>CC(=O)N[C@H]1[C@H](O[C@@H]2[C@@H](CO)O[C@H](O[C@@H]([*])[C@H](N[*])C([*])=O)[C@@H](O)[C@H]2O)O[C@H](CO)[C@@H](O)[C@@H]1O.O=c1ccn([C@@H]2O[C@H](COP(=O)([O-])OP(=O)([O-])[O-])[C@@H](O)[C@H]2O)c(=O)[nH]1
172,30.975192,Q9UQ53,Alpha-1;3-mannosyl-glycoprotein 4-beta-N-acetylglucosaminyltransferase B,Homo sapiens OX=9606,39,MNXR148894,MNXR148895_0.7010216941463672_0.7004838444515933,2.4.1.145,1.0,0.0,0.70102,0.700484,1,0.700753,46.2,18.6,15.6,22.6,63198.45,7.9941,47.810,*O[C@@H]1O[C@H](CO)[C@@H](O[C@@H]2O[C@H](CO)[C@H](O)[C@H](O[C@@H]3O[C@H](CO)[C@@H](O)[C@H](O)[C@H]3NC(C)=O)[C@H]2O)[C@H](O)[C@H]1NC(C)=O.O=c1ccn([C@@H]2O[C@H](COP(=O)([O-])OP(=O)([O-])[O-])[C@@H](O)[C@H]2O)c(=O)[nH]1>>*O[C@@H]1O[C@H](CO)[C@@H](O[C@@H]2O[C@H](CO)[C@H](O)[C@H](O)[C@H]2O)[C@H](O)[C@H]1NC(C)=O.CC(=O)N[C@H]1[C@@H](OP(=O)([O-])OP(=O)([O-])OC[C@H]2O[C@@H](n3ccc(=O)[nH]c3=O)[C@H](O)[C@@H]2O)O[C@H](CO)[C@@H](O)[C@@H]1O,CC(=O)N[C@H]1[C@@H](OP(=O)([O-])OP(=O)([O-])OC[C@H]2O[C@@H](n3ccc(=O)[nH]c3=O)[C@H](O)[C@@H]2O)O[C@H](CO)[C@@H](O)[C@@H]1O.CC(=O)N[C@H]1[C@H](O[C@H]2[C@@H](O)[C@H](O)[C@@H](CO)O[C@@H]2O[C@@H]2[C@H](O)[C@H](O[*])O[C@H](CO)[C@H]2O)O[C@H](CO)[C@@H](O)[C@@H]1O>>CC(=O)N[C@H]1[C@H](O[C@H]2[C@H](O)[C@H](O[C@@H]3O[C@H](CO)[C@@H](O)[C@H](O)[C@H]3NC(C)=O)[C@@H](O[C@@H]3[C@H](O)[C@H](O[*])O[C@H](CO)[C@H]3O)O[C@@H]2CO)O[C@H](CO)[C@@H](O)[C@@H]1O.O=c1ccn([C@@H]2O[C@H](COP(=O)([O-])OP(=O)([O-])[O-])[C@@H](O)[C@H]2O)c(=O)[nH]1
173,30.975192,Q812G0,Alpha-1;3-mannosyl-glycoprotein 4-beta-N-acetylglucosaminyltransferase A,Mus musculus OX=10090,39,MNXR148894,MNXR148895_0.7010216941463672_0.7004838444515933,2.4.1.145,1.0,0.0,0.70102,0.700484,1,0.700753,38.3,24.7,14.1,26.0,61479.86,7.7192,48.224,*O[C@@H]1O[C@H](CO)[C@@H](O[C@@H]2O[C@H](CO)[C@H](O)[C@H](O[C@@H]3O[C@H](CO)[C@@H](O)[C@H](O)[C@H]3NC(C)=O)[C@H]2O)[C@H](O)[C@H]1NC(C)=O.O=c1ccn([C@@H]2O[C@H](COP(=O)([O-])OP(=O)([O-])[O-])[C@@H](O)[C@H]2O)c(=O)[nH]1>>*O[C@@H]1O[C@H](CO)[C@@H](O[C@@H]2O[C@H](CO)[C@H](O)[C@H](O)[C@H]2O)[C@H](O)[C@H]1NC(C)=O.CC(=O)N[C@H]1[C@@H](OP(=O)([O-])OP(=O)([O-])OC[C@H]2O[C@@H](n3ccc(=O)[nH]c3=O)[C@H](O)[C@@H]2O)O[C@H](CO)[C@@H](O)[C@@H]1O,CC(=O)N[C@H]1[C@@H](OP(=O)([O-])OP(=O)([O-])OC[C@H]2O[C@@H](n3ccc(=O)[nH]c3=O)[C@H](O)[C@@H]2O)O[C@H](CO)[C@@H](O)[C@@H]1O.CC(=O)N[C@H]1[C@H](O[C@H]2[C@@H](O)[C@H](O)[C@@H](CO)O[C@@H]2O[C@@H]2[C@H](O)[C@H](O[*])O[C@H](CO)[C@H]2O)O[C@H](CO)[C@@H](O)[C@@H]1O>>CC(=O)N[C@H]1[C@H](O[C@H]2[C@H](O)[C@H](O[C@@H]3O[C@H](CO)[C@@H](O)[C@H](O)[C@H]3NC(C)=O)[C@@H](O[C@@H]3[C@H](O)[C@H](O[*])O[C@H](CO)[C@H]3O)O[C@@H]2CO)O[C@H](CO)[C@@H](O)[C@@H]1O.O=c1ccn([C@@H]2O[C@H](COP(=O)([O-])OP(=O)([O-])[O-])[C@@H](O)[C@H]2O)c(=O)[nH]1
174,30.975192,Q9UM21,Alpha-1;3-mannosyl-glycoprotein 4-beta-N-acetylglucosaminyltransferase A,Homo sapiens OX=9606,39,MNXR148894,MNXR148895_0.7010216941463672_0.7004838444515933,2.4.1.145,1.0,0.0,0.70102,0.700484,1,0.700753,40.7,22.9,14.3,25.2,61543.96,7.4443,48.037,*O[C@@H]1O[C@H](CO)[C@@H](O[C@@H]2O[C@H](CO)[C@H](O)[C@H](O[C@@H]3O[C@H](CO)[C@@H](O)[C@H](O)[C@H]3NC(C)=O)[C@H]2O)[C@H](O)[C@H]1NC(C)=O.O=c1ccn([C@@H]2O[C@H](COP(=O)([O-])OP(=O)([O-])[O-])[C@@H](O)[C@H]2O)c(=O)[nH]1>>*O[C@@H]1O[C@H](CO)[C@@H](O[C@@H]2O[C@H](CO)[C@H](O)[C@H](O)[C@H]2O)[C@H](O)[C@H]1NC(C)=O.CC(=O)N[C@H]1[C@@H](OP(=O)([O-])OP(=O)([O-])OC[C@H]2O[C@@H](n3ccc(=O)[nH]c3=O)[C@H](O)[C@@H]2O)O[C@H](CO)[C@@H](O)[C@@H]1O,CC(=O)N[C@H]1[C@@H](OP(=O)([O-])OP(=O)([O-])OC[C@H]2O[C@@H](n3ccc(=O)[nH]c3=O)[C@H](O)[C@@H]2O)O[C@H](CO)[C@@H](O)[C@@H]1O.CC(=O)N[C@H]1[C@H](O[C@H]2[C@@H](O)[C@H](O)[C@@H](CO)O[C@@H]2O[C@@H]2[C@H](O)[C@H](O[*])O[C@H](CO)[C@H]2O)O[C@H](CO)[C@@H](O)[C@@H]1O>>CC(=O)N[C@H]1[C@H](O[C@H]2[C@H](O)[C@H](O[C@@H]3O[C@H](CO)[C@@H](O)[C@H](O)[C@H]3NC(C)=O)[C@@H](O[C@@H]3[C@H](O)[C@H](O[*])O[C@H](CO)[C@H]3O)O[C@@H]2CO)O[C@H](CO)[C@@H](O)[C@@H]1O.O=c1ccn([C@@H]2O[C@H](COP(=O)([O-])OP(=O)([O-])[O-])[C@@H](O)[C@H]2O)c(=O)[nH]1
175,30.875192,Q9UBM8,Alpha-1;3-mannosyl-glycoprotein 4-beta-N-acetylglucosaminyltransferase C,Homo sapiens OX=9606,39,MNXR148894,MNXR148895_0.7010216941463672_0.7004838444515933,2.4.1.145,2.0,0.0,0.70102,0.700484,1,0.700753,38.7,26.2,21.2,17.3,56061.37,8.3109,48.745,*O[C@@H]1O[C@H](CO)[C@@H](O[C@@H]2O[C@H](CO)[C@H](O)[C@H](O[C@@H]3O[C@H](CO)[C@@H](O)[C@H](O)[C@H]3NC(C)=O)[C@H]2O)[C@H](O)[C@H]1NC(C)=O.O=c1ccn([C@@H]2O[C@H](COP(=O)([O-])OP(=O)([O-])[O-])[C@@H](O)[C@H]2O)c(=O)[nH]1>>*O[C@@H]1O[C@H](CO)[C@@H](O[C@@H]2O[C@H](CO)[C@H](O)[C@H](O)[C@H]2O)[C@H](O)[C@H]1NC(C)=O.CC(=O)N[C@H]1[C@@H](OP(=O)([O-])OP(=O)([O-])OC[C@H]2O[C@@H](n3ccc(=O)[nH]c3=O)[C@H](O)[C@@H]2O)O[C@H](CO)[C@@H](O)[C@@H]1O,CC(=O)N[C@H]1[C@@H](OP(=O)([O-])OP(=O)([O-])OC[C@H]2O[C@@H](n3ccc(=O)[nH]c3=O)[C@H](O)[C@@H]2O)O[C@H](CO)[C@@H](O)[C@@H]1O.CC(=O)N[C@H]1[C@H](O[C@H]2[C@@H](O)[C@H](O)[C@@H](CO)O[C@@H]2O[C@@H]2[C@H](O)[C@H](O[*])O[C@H](CO)[C@H]2O)O[C@H](CO)[C@@H](O)[C@@H]1O>>CC(=O)N[C@H]1[C@H](O[C@H]2[C@H](O)[C@H](O[C@@H]3O[C@H](CO)[C@@H](O)[C@H](O)[C@H]3NC(C)=O)[C@@H](O[C@@H]3[C@H](O)[C@H](O[*])O[C@H](CO)[C@H]3O)O[C@@H]2CO)O[C@H](CO)[C@@H](O)[C@@H]1O.O=c1ccn([C@@H]2O[C@H](COP(=O)([O-])OP(=O)([O-])[O-])[C@@H](O)[C@H]2O)c(=O)[nH]1
176,30.875192,Q9D306,Alpha-1;3-mannosyl-glycoprotein 4-beta-N-acetylglucosaminyltransferase C,Mus musculus OX=10090,39,MNXR148894,MNXR148895_0.7010216941463672_0.7004838444515933,2.4.1.145,2.0,0.0,0.70102,0.700484,1,0.700753,38.7,26.6,22.9,15.2,56249.56,8.0479,48.745,*O[C@@H]1O[C@H](CO)[C@@H](O[C@@H]2O[C@H](CO)[C@H](O)[C@H](O[C@@H]3O[C@H](CO)[C@@H](O)[C@H](O)[C@H]3NC(C)=O)[C@H]2O)[C@H](O)[C@H]1NC(C)=O.O=c1ccn([C@@H]2O[C@H](COP(=O)([O-])OP(=O)([O-])[O-])[C@@H](O)[C@H]2O)c(=O)[nH]1>>*O[C@@H]1O[C@H](CO)[C@@H](O[C@@H]2O[C@H](CO)[C@H](O)[C@H](O)[C@H]2O)[C@H](O)[C@H]1NC(C)=O.CC(=O)N[C@H]1[C@@H](OP(=O)([O-])OP(=O)([O-])OC[C@H]2O[C@@H](n3ccc(=O)[nH]c3=O)[C@H](O)[C@@H]2O)O[C@H](CO)[C@@H](O)[C@@H]1O,CC(=O)N[C@H]1[C@@H](OP(=O)([O-])OP(=O)([O-])OC[C@H]2O[C@@H](n3ccc(=O)[nH]c3=O)[C@H](O)[C@@H]2O)O[C@H](CO)[C@@H](O)[C@@H]1O.CC(=O)N[C@H]1[C@H](O[C@H]2[C@@H](O)[C@H](O)[C@@H](CO)O[C@@H]2O[C@@H]2[C@H](O)[C@H](O[*])O[C@H](CO)[C@H]2O)O[C@H](CO)[C@@H](O)[C@@H]1O>>CC(=O)N[C@H]1[C@H](O[C@H]2[C@H](O)[C@H](O[C@@H]3O[C@H](CO)[C@@H](O)[C@H](O)[C@H]3NC(C)=O)[C@@H](O[C@@H]3[C@H](O)[C@H](O[*])O[C@H](CO)[C@H]3O)O[C@@H]2CO)O[C@H](CO)[C@@H](O)[C@@H]1O.O=c1ccn([C@@H]2O[C@H](COP(=O)([O-])OP(=O)([O-])[O-])[C@@H](O)[C@H]2O)c(=O)[nH]1
177,30.875192,Q812F8,Alpha-1;3-mannosyl-glycoprotein 4-beta-N-acetylglucosaminyltransferase B,Mus musculus OX=10090,39,MNXR148894,MNXR148895_0.7010216941463672_0.7004838444515933,2.4.1.145,2.0,0.0,0.70102,0.700484,1,0.700753,46.1,18.0,15.6,23.3,63301.66,8.0016,47.628,*O[C@@H]1O[C@H](CO)[C@@H](O[C@@H]2O[C@H](CO)[C@H](O)[C@H](O[C@@H]3O[C@H](CO)[C@@H](O)[C@H](O)[C@H]3NC(C)=O)[C@H]2O)[C@H](O)[C@H]1NC(C)=O.O=c1ccn([C@@H]2O[C@H](COP(=O)([O-])OP(=O)([O-])[O-])[C@@H](O)[C@H]2O)c(=O)[nH]1>>*O[C@@H]1O[C@H](CO)[C@@H](O[C@@H]2O[C@H](CO)[C@H](O)[C@H](O)[C@H]2O)[C@H](O)[C@H]1NC(C)=O.CC(=O)N[C@H]1[C@@H](OP(=O)([O-])OP(=O)([O-])OC[C@H]2O[C@@H](n3ccc(=O)[nH]c3=O)[C@H](O)[C@@H]2O)O[C@H](CO)[C@@H](O)[C@@H]1O,CC(=O)N[C@H]1[C@@H](OP(=O)([O-])OP(=O)([O-])OC[C@H]2O[C@@H](n3ccc(=O)[nH]c3=O)[C@H](O)[C@@H]2O)O[C@H](CO)[C@@H](O)[C@@H]1O.CC(=O)N[C@H]1[C@H](O[C@H]2[C@@H](O)[C@H](O)[C@@H](CO)O[C@@H]2O[C@@H]2[C@H](O)[C@H](O[*])O[C@H](CO)[C@H]2O)O[C@H](CO)[C@@H](O)[C@@H]1O>>CC(=O)N[C@H]1[C@H](O[C@H]2[C@H](O)[C@H](O[C@@H]3O[C@H](CO)[C@@H](O)[C@H](O)[C@H]3NC(C)=O)[C@@H](O[C@@H]3[C@H](O)[C@H](O[*])O[C@H](CO)[C@H]3O)O[C@@H]2CO)O[C@H](CO)[C@@H](O)[C@@H]1O.O=c1ccn([C@@H]2O[C@H](COP(=O)([O-])OP(=O)([O-])[O-])[C@@H](O)[C@H]2O)c(=O)[nH]1
178,30.875192,Q5REP8,Alpha-1;3-mannosyl-glycoprotein 4-beta-N-acetylglucosaminyltransferase A,Pongo abelii OX=9601,39,MNXR148894,MNXR148895_0.7010216941463672_0.7004838444515933,2.4.1.145,2.0,0.0,0.70102,0.700484,1,0.700753,41.0,22.7,14.3,25.0,61524.91,7.2513,48.037,*O[C@@H]1O[C@H](CO)[C@@H](O[C@@H]2O[C@H](CO)[C@H](O)[C@H](O[C@@H]3O[C@H](CO)[C@@H](O)[C@H](O)[C@H]3NC(C)=O)[C@H]2O)[C@H](O)[C@H]1NC(C)=O.O=c1ccn([C@@H]2O[C@H](COP(=O)([O-])OP(=O)([O-])[O-])[C@@H](O)[C@H]2O)c(=O)[nH]1>>*O[C@@H]1O[C@H](CO)[C@@H](O[C@@H]2O[C@H](CO)[C@H](O)[C@H](O)[C@H]2O)[C@H](O)[C@H]1NC(C)=O.CC(=O)N[C@H]1[C@@H](OP(=O)([O-])OP(=O)([O-])OC[C@H]2O[C@@H](n3ccc(=O)[nH]c3=O)[C@H](O)[C@@H]2O)O[C@H](CO)[C@@H](O)[C@@H]1O,CC(=O)N[C@H]1[C@@H](OP(=O)([O-])OP(=O)([O-])OC[C@H]2O[C@@H](n3ccc(=O)[nH]c3=O)[C@H](O)[C@@H]2O)O[C@H](CO)[C@@H](O)[C@@H]1O.CC(=O)N[C@H]1[C@H](O[C@H]2[C@@H](O)[C@H](O)[C@@H](CO)O[C@@H]2O[C@@H]2[C@H](O)[C@H](O[*])O[C@H](CO)[C@H]2O)O[C@H](CO)[C@@H](O)[C@@H]1O>>CC(=O)N[C@H]1[C@H](O[C@H]2[C@H](O)[C@H](O[C@@H]3O[C@H](CO)[C@@H](O)[C@H](O)[C@H]3NC(C)=O)[C@@H](O[C@@H]3[C@H](O)[C@H](O[*])O[C@H](CO)[C@H]3O)O[C@@H]2CO)O[C@H](CO)[C@@H](O)[C@@H]1O.O=c1ccn([C@@H]2O[C@H](COP(=O)([O-])OP(=O)([O-])[O-])[C@@H](O)[C@H]2O)c(=O)[nH]1
179,30.875192,Q4R854,Alpha-1;3-mannosyl-glycoprotein 4-beta-N-acetylglucosaminyltransferase A,Macaca fascicularis OX=9541,39,MNXR148894,MNXR148895_0.7010216941463672_0.7004838444515933,2.4.1.145,2.0,0.0,0.70102,0.700484,1,0.700753,41.0,23.3,14.1,24.7,61574.03,8.0099,48.224,*O[C@@H]1O[C@H](CO)[C@@H](O[C@@H]2O[C@H](CO)[C@H](O)[C@H](O[C@@H]3O[C@H](CO)[C@@H](O)[C@H](O)[C@H]3NC(C)=O)[C@H]2O)[C@H](O)[C@H]1NC(C)=O.O=c1ccn([C@@H]2O[C@H](COP(=O)([O-])OP(=O)([O-])[O-])[C@@H](O)[C@H]2O)c(=O)[nH]1>>*O[C@@H]1O[C@H](CO)[C@@H](O[C@@H]2O[C@H](CO)[C@H](O)[C@H](O)[C@H]2O)[C@H](O)[C@H]1NC(C)=O.CC(=O)N[C@H]1[C@@H](OP(=O)([O-])OP(=O)([O-])OC[C@H]2O[C@@H](n3ccc(=O)[nH]c3=O)[C@H](O)[C@@H]2O)O[C@H](CO)[C@@H](O)[C@@H]1O,CC(=O)N[C@H]1[C@@H](OP(=O)([O-])OP(=O)([O-])OC[C@H]2O[C@@H](n3ccc(=O)[nH]c3=O)[C@H](O)[C@@H]2O)O[C@H](CO)[C@@H](O)[C@@H]1O.CC(=O)N[C@H]1[C@H](O[C@H]2[C@@H](O)[C@H](O)[C@@H](CO)O[C@@H]2O[C@@H]2[C@H](O)[C@H](O[*])O[C@H](CO)[C@H]2O)O[C@H](CO)[C@@H](O)[C@@H]1O>>CC(=O)N[C@H]1[C@H](O[C@H]2[C@H](O)[C@H](O[C@@H]3O[C@H](CO)[C@@H](O)[C@H](O)[C@H]3NC(C)=O)[C@@H](O[C@@H]3[C@H](O)[C@H](O[*])O[C@H](CO)[C@H]3O)O[C@@H]2CO)O[C@H](CO)[C@@H](O)[C@@H]1O.O=c1ccn([C@@H]2O[C@H](COP(=O)([O-])OP(=O)([O-])[O-])[C@@H](O)[C@H]2O)c(=O)[nH]1
180,30.875192,Q4R4A8,Alpha-1;3-mannosyl-glycoprotein 4-beta-N-acetylglucosaminyltransferase C,Macaca fascicularis OX=9541,39,MNXR148894,MNXR148895_0.7010216941463672_0.7004838444515933,2.4.1.145,2.0,0.0,0.70102,0.700484,1,0.700753,38.7,26.2,21.2,17.3,56089.43,8.4798,48.745,*O[C@@H]1O[C@H](CO)[C@@H](O[C@@H]2O[C@H](CO)[C@H](O)[C@H](O[C@@H]3O[C@H](CO)[C@@H](O)[C@H](O)[C@H]3NC(C)=O)[C@H]2O)[C@H](O)[C@H]1NC(C)=O.O=c1ccn([C@@H]2O[C@H](COP(=O)([O-])OP(=O)([O-])[O-])[C@@H](O)[C@H]2O)c(=O)[nH]1>>*O[C@@H]1O[C@H](CO)[C@@H](O[C@@H]2O[C@H](CO)[C@H](O)[C@H](O)[C@H]2O)[C@H](O)[C@H]1NC(C)=O.CC(=O)N[C@H]1[C@@H](OP(=O)([O-])OP(=O)([O-])OC[C@H]2O[C@@H](n3ccc(=O)[nH]c3=O)[C@H](O)[C@@H]2O)O[C@H](CO)[C@@H](O)[C@@H]1O,CC(=O)N[C@H]1[C@@H](OP(=O)([O-])OP(=O)([O-])OC[C@H]2O[C@@H](n3ccc(=O)[nH]c3=O)[C@H](O)[C@@H]2O)O[C@H](CO)[C@@H](O)[C@@H]1O.CC(=O)N[C@H]1[C@H](O[C@H]2[C@@H](O)[C@H](O)[C@@H](CO)O[C@@H]2O[C@@H]2[C@H](O)[C@H](O[*])O[C@H](CO)[C@H]2O)O[C@H](CO)[C@@H](O)[C@@H]1O>>CC(=O)N[C@H]1[C@H](O[C@H]2[C@H](O)[C@H](O[C@@H]3O[C@H](CO)[C@@H](O)[C@H](O)[C@H]3NC(C)=O)[C@@H](O[C@@H]3[C@H](O)[C@H](O[*])O[C@H](CO)[C@H]3O)O[C@@H]2CO)O[C@H](CO)[C@@H](O)[C@@H]1O.O=c1ccn([C@@H]2O[C@H](COP(=O)([O-])OP(=O)([O-])[O-])[C@@H](O)[C@H]2O)c(=O)[nH]1
181,30.402692,Q09327,Beta-1;4-mannosyl-glycoprotein 4-beta-N-acetylglucosaminyltransferase,Homo sapiens OX=9606,39,MNXR149841,MNXR149842_0.6895689664251922_0.7004838444515933|MNXR174079_0.6895689664251922_0.7004838444515933,2.4.1.144,1.0,0.0,0.68957,0.700484,1,0.695026,22.8,24.6,30.4,25.3,61312.95,8.3751,42.214,*O[C@@H]1O[C@H](CO)[C@@H](O[C@@H]2O[C@H](CO)[C@H](O)[C@H](O[C@@H]3O[C@H](CO)[C@@H](O)[C@H](O)[C@H]3NC(C)=O)[C@H]2O)[C@H](O)[C@H]1NC(C)=O.O=c1ccn([C@@H]2O[C@H](COP(=O)([O-])OP(=O)([O-])[O-])[C@@H](O)[C@H]2O)c(=O)[nH]1>>*O[C@@H]1O[C@H](CO)[C@@H](O[C@@H]2O[C@H](CO)[C@H](O)[C@H](O)[C@H]2O)[C@H](O)[C@H]1NC(C)=O.CC(=O)N[C@H]1[C@@H](OP(=O)([O-])OP(=O)([O-])OC[C@H]2O[C@@H](n3ccc(=O)[nH]c3=O)[C@H](O)[C@@H]2O)O[C@H](CO)[C@@H](O)[C@@H]1O,CC(=O)N[C@H]1[C@@H](OP(=O)([O-])OP(=O)([O-])OC[C@H]2O[C@@H](n3ccc(=O)[nH]c3=O)[C@H](O)[C@@H]2O)O[C@H](CO)[C@@H](O)[C@@H]1O.[*]O[C@@H]1O[C@H](CO)[C@@H](O)[C@H](O)[C@@H]1O>>CC(=O)N[C@H]1[C@H](O[C@@H]2[C@@H](CO)O[C@@H](O[*])[C@@H](O)[C@H]2O)O[C@H](CO)[C@@H](O)[C@@H]1O.O=c1ccn([C@@H]2O[C@H](COP(=O)([O-])OP(=O)([O-])[O-])[C@@H](O)[C@H]2O)c(=O)[nH]1
182,30.402692,Q10470,Beta-1;4-mannosyl-glycoprotein 4-beta-N-acetylglucosaminyltransferase,Mus musculus OX=10090,39,MNXR149841,MNXR149842_0.6895689664251922_0.7004838444515933|MNXR174079_0.6895689664251922_0.7004838444515933,2.4.1.144,1.0,0.0,0.68957,0.700484,1,0.695026,23.6,24.7,30.7,24.1,62002.56,8.2423,44.981,*O[C@@H]1O[C@H](CO)[C@@H](O[C@@H]2O[C@H](CO)[C@H](O)[C@H](O[C@@H]3O[C@H](CO)[C@@H](O)[C@H](O)[C@H]3NC(C)=O)[C@H]2O)[C@H](O)[C@H]1NC(C)=O.O=c1ccn([C@@H]2O[C@H](COP(=O)([O-])OP(=O)([O-])[O-])[C@@H](O)[C@H]2O)c(=O)[nH]1>>*O[C@@H]1O[C@H](CO)[C@@H](O[C@@H]2O[C@H](CO)[C@H](O)[C@H](O)[C@H]2O)[C@H](O)[C@H]1NC(C)=O.CC(=O)N[C@H]1[C@@H](OP(=O)([O-])OP(=O)([O-])OC[C@H]2O[C@@H](n3ccc(=O)[nH]c3=O)[C@H](O)[C@@H]2O)O[C@H](CO)[C@@H](O)[C@@H]1O,CC(=O)N[C@H]1[C@@H](OP(=O)([O-])OP(=O)([O-])OC[C@H]2O[C@@H](n3ccc(=O)[nH]c3=O)[C@H](O)[C@@H]2O)O[C@H](CO)[C@@H](O)[C@@H]1O.[*]O[C@@H]1O[C@H](CO)[C@@H](O)[C@H](O)[C@@H]1O>>CC(=O)N[C@H]1[C@H](O[C@@H]2[C@@H](CO)O[C@@H](O[*])[C@@H](O)[C@H]2O)O[C@H](CO)[C@@H](O)[C@@H]1O.O=c1ccn([C@@H]2O[C@H](COP(=O)([O-])OP(=O)([O-])[O-])[C@@H](O)[C@H]2O)c(=O)[nH]1
183,30.267692,Q8NAT1,Protein O-linked-mannose beta-1;4-N-acetylglucosaminyltransferase 2,Homo sapiens OX=9606,39,MNXR164303,-,2.4.1.312,1.0,0.0,0.68687,0.700484,1,0.693676,35.3,23.4,21.6,22.5,66615.30,8.7192,42.241,*O[C@@H]1O[C@H](CO)[C@@H](O[C@@H]2O[C@H](CO)[C@H](O)[C@H](O[C@@H]3O[C@H](CO)[C@@H](O)[C@H](O)[C@H]3NC(C)=O)[C@H]2O)[C@H](O)[C@H]1NC(C)=O.O=c1ccn([C@@H]2O[C@H](COP(=O)([O-])OP(=O)([O-])[O-])[C@@H](O)[C@H]2O)c(=O)[nH]1>>*O[C@@H]1O[C@H](CO)[C@@H](O[C@@H]2O[C@H](CO)[C@H](O)[C@H](O)[C@H]2O)[C@H](O)[C@H]1NC(C)=O.CC(=O)N[C@H]1[C@@H](OP(=O)([O-])OP(=O)([O-])OC[C@H]2O[C@@H](n3ccc(=O)[nH]c3=O)[C@H](O)[C@@H]2O)O[C@H](CO)[C@@H](O)[C@@H]1O,CC(=O)N[C@H]1[C@@H](OP(=O)([O-])OP(=O)([O-])OC[C@H]2O[C@@H](n3ccc(=O)[nH]c3=O)[C@H](O)[C@@H]2O)O[C@H](CO)[C@@H](O)[C@@H]1O.[*]N[C@H](C([*])=O)C([*])O[C@H]1O[C@H](CO)[C@@H](O)[C@H](O)[C@@H]1O>>CC(=O)N[C@H]1[C@H](O[C@@H]2[C@@H](CO)O[C@H](O[C@@H]([*])[C@H](N[*])C([*])=O)[C@@H](O)[C@H]2O)O[C@H](CO)[C@@H](O)[C@@H]1O.O=c1ccn([C@@H]2O[C@H](COP(=O)([O-])OP(=O)([O-])[O-])[C@@H](O)[C@H]2O)c(=O)[nH]1
184,30.267692,Q8BW41,Protein O-linked-mannose beta-1;4-N-acetylglucosaminyltransferase 2,Mus musculus OX=10090,39,MNXR164303,-,2.4.1.312,1.0,0.0,0.68687,0.700484,1,0.693676,34.0,23.9,21.5,23.4,66661.16,8.5914,42.586,*O[C@@H]1O[C@H](CO)[C@@H](O[C@@H]2O[C@H](CO)[C@H](O)[C@H](O[C@@H]3O[C@H](CO)[C@@H](O)[C@H](O)[C@H]3NC(C)=O)[C@H]2O)[C@H](O)[C@H]1NC(C)=O.O=c1ccn([C@@H]2O[C@H](COP(=O)([O-])OP(=O)([O-])[O-])[C@@H](O)[C@H]2O)c(=O)[nH]1>>*O[C@@H]1O[C@H](CO)[C@@H](O[C@@H]2O[C@H](CO)[C@H](O)[C@H](O)[C@H]2O)[C@H](O)[C@H]1NC(C)=O.CC(=O)N[C@H]1[C@@H](OP(=O)([O-])OP(=O)([O-])OC[C@H]2O[C@@H](n3ccc(=O)[nH]c3=O)[C@H](O)[C@@H]2O)O[C@H](CO)[C@@H](O)[C@@H]1O,CC(=O)N[C@H]1[C@@H](OP(=O)([O-])OP(=O)([O-])OC[C@H]2O[C@@H](n3ccc(=O)[nH]c3=O)[C@H](O)[C@@H]2O)O[C@H](CO)[C@@H](O)[C@@H]1O.[*]N[C@H](C([*])=O)C([*])O[C@H]1O[C@H](CO)[C@@H](O)[C@H](O)[C@@H]1O>>CC(=O)N[C@H]1[C@H](O[C@@H]2[C@@H](CO)O[C@H](O[C@@H]([*])[C@H](N[*])C([*])=O)[C@@H](O)[C@H]2O)O[C@H](CO)[C@@H](O)[C@@H]1O.O=c1ccn([C@@H]2O[C@H](COP(=O)([O-])OP(=O)([O-])[O-])[C@@H](O)[C@H]2O)c(=O)[nH]1
185,28.875192,Q5F407,Alpha-1;3-mannosyl-glycoprotein 4-beta-N-acetylglucosaminyltransferase A,Gallus gallus OX=9031,41,MNXR148894,MNXR148895_0.7010216941463672_0.7004838444515933,2.4.1.145,2.0,0.0,0.70102,0.700484,1,0.700753,41.0,23.1,13.9,25.0,61566.00,8.2809,48.411,*O[C@@H]1O[C@H](CO)[C@@H](O[C@@H]2O[C@H](CO)[C@H](O)[C@H](O[C@@H]3O[C@H](CO)[C@@H](O)[C@H](O)[C@H]3NC(C)=O)[C@H]2O)[C@H](O)[C@H]1NC(C)=O.O=c1ccn([C@@H]2O[C@H](COP(=O)([O-])OP(=O)([O-])[O-])[C@@H](O)[C@H]2O)c(=O)[nH]1>>*O[C@@H]1O[C@H](CO)[C@@H](O[C@@H]2O[C@H](CO)[C@H](O)[C@H](O)[C@H]2O)[C@H](O)[C@H]1NC(C)=O.CC(=O)N[C@H]1[C@@H](OP(=O)([O-])OP(=O)([O-])OC[C@H]2O[C@@H](n3ccc(=O)[nH]c3=O)[C@H](O)[C@@H]2O)O[C@H](CO)[C@@H](O)[C@@H]1O,CC(=O)N[C@H]1[C@@H](OP(=O)([O-])OP(=O)([O-])OC[C@H]2O[C@@H](n3ccc(=O)[nH]c3=O)[C@H](O)[C@@H]2O)O[C@H](CO)[C@@H](O)[C@@H]1O.CC(=O)N[C@H]1[C@H](O[C@H]2[C@@H](O)[C@H](O)[C@@H](CO)O[C@@H]2O[C@@H]2[C@H](O)[C@H](O[*])O[C@H](CO)[C@H]2O)O[C@H](CO)[C@@H](O)[C@@H]1O>>CC(=O)N[C@H]1[C@H](O[C@H]2[C@H](O)[C@H](O[C@@H]3O[C@H](CO)[C@@H](O)[C@H](O)[C@H]3NC(C)=O)[C@@H](O[C@@H]3[C@H](O)[C@H](O[*])O[C@H](CO)[C@H]3O)O[C@@H]2CO)O[C@H](CO)[C@@H](O)[C@@H]1O.O=c1ccn([C@@H]2O[C@H](COP(=O)([O-])OP(=O)([O-])[O-])[C@@H](O)[C@H]2O)c(=O)[nH]1
186,28.167692,Q5NDE8,Protein O-linked-mannose beta-1;4-N-acetylglucosaminyltransferase 2,Gallus gallus OX=9031,41,MNXR164303,-,2.4.1.312,2.0,0.0,0.68687,0.700484,1,0.693676,34.4,23.2,24.4,20.9,66754.05,6.9469,45.581,*O[C@@H]1O[C@H](CO)[C@@H](O[C@@H]2O[C@H](CO)[C@H](O)[C@H](O[C@@H]3O[C@H](CO)[C@@H](O)[C@H](O)[C@H]3NC(C)=O)[C@H]2O)[C@H](O)[C@H]1NC(C)=O.O=c1ccn([C@@H]2O[C@H](COP(=O)([O-])OP(=O)([O-])[O-])[C@@H](O)[C@H]2O)c(=O)[nH]1>>*O[C@@H]1O[C@H](CO)[C@@H](O[C@@H]2O[C@H](CO)[C@H](O)[C@H](O)[C@H]2O)[C@H](O)[C@H]1NC(C)=O.CC(=O)N[C@H]1[C@@H](OP(=O)([O-])OP(=O)([O-])OC[C@H]2O[C@@H](n3ccc(=O)[nH]c3=O)[C@H](O)[C@@H]2O)O[C@H](CO)[C@@H](O)[C@@H]1O,CC(=O)N[C@H]1[C@@H](OP(=O)([O-])OP(=O)([O-])OC[C@H]2O[C@@H](n3ccc(=O)[nH]c3=O)[C@H](O)[C@@H]2O)O[C@H](CO)[C@@H](O)[C@@H]1O.[*]N[C@H](C([*])=O)C([*])O[C@H]1O[C@H](CO)[C@@H](O)[C@H](O)[C@@H]1O>>CC(=O)N[C@H]1[C@H](O[C@@H]2[C@@H](CO)O[C@H](O[C@@H]([*])[C@H](N[*])C([*])=O)[C@@H](O)[C@H]2O)O[C@H](CO)[C@@H](O)[C@@H]1O.O=c1ccn([C@@H]2O[C@H](COP(=O)([O-])OP(=O)([O-])[O-])[C@@H](O)[C@H]2O)c(=O)[nH]1
187,28.167692,Q5NDE4,Protein O-linked-mannose beta-1;4-N-acetylglucosaminyltransferase 2,Takifugu rubripes OX=31033,41,MNXR164303,-,2.4.1.312,2.0,0.0,0.68687,0.700484,1,0.693676,38.3,23.5,21.4,19.5,68031.25,6.1426,45.932,*O[C@@H]1O[C@H](CO)[C@@H](O[C@@H]2O[C@H](CO)[C@H](O)[C@H](O[C@@H]3O[C@H](CO)[C@@H](O)[C@H](O)[C@H]3NC(C)=O)[C@H]2O)[C@H](O)[C@H]1NC(C)=O.O=c1ccn([C@@H]2O[C@H](COP(=O)([O-])OP(=O)([O-])[O-])[C@@H](O)[C@H]2O)c(=O)[nH]1>>*O[C@@H]1O[C@H](CO)[C@@H](O[C@@H]2O[C@H](CO)[C@H](O)[C@H](O)[C@H]2O)[C@H](O)[C@H]1NC(C)=O.CC(=O)N[C@H]1[C@@H](OP(=O)([O-])OP(=O)([O-])OC[C@H]2O[C@@H](n3ccc(=O)[nH]c3=O)[C@H](O)[C@@H]2O)O[C@H](CO)[C@@H](O)[C@@H]1O,CC(=O)N[C@H]1[C@@H](OP(=O)([O-])OP(=O)([O-])OC[C@H]2O[C@@H](n3ccc(=O)[nH]c3=O)[C@H](O)[C@@H]2O)O[C@H](CO)[C@@H](O)[C@@H]1O.[*]N[C@H](C([*])=O)C([*])O[C@H]1O[C@H](CO)[C@@H](O)[C@H](O)[C@@H]1O>>CC(=O)N[C@H]1[C@H](O[C@@H]2[C@@H](CO)O[C@H](O[C@@H]([*])[C@H](N[*])C([*])=O)[C@@H](O)[C@H]2O)O[C@H](CO)[C@@H](O)[C@@H]1O.O=c1ccn([C@@H]2O[C@H](COP(=O)([O-])OP(=O)([O-])[O-])[C@@H](O)[C@H]2O)c(=O)[nH]1
188,28.167692,Q5NDE3,Protein O-linked-mannose beta-1;4-N-acetylglucosaminyltransferase 2,Tetraodon nigroviridis OX=99883,41,MNXR164303,-,2.4.1.312,2.0,0.0,0.68687,0.700484,1,0.693676,40.3,21.3,23.1,18.1,66640.83,6.6387,44.214,*O[C@@H]1O[C@H](CO)[C@@H](O[C@@H]2O[C@H](CO)[C@H](O)[C@H](O[C@@H]3O[C@H](CO)[C@@H](O)[C@H](O)[C@H]3NC(C)=O)[C@H]2O)[C@H](O)[C@H]1NC(C)=O.O=c1ccn([C@@H]2O[C@H](COP(=O)([O-])OP(=O)([O-])[O-])[C@@H](O)[C@H]2O)c(=O)[nH]1>>*O[C@@H]1O[C@H](CO)[C@@H](O[C@@H]2O[C@H](CO)[C@H](O)[C@H](O)[C@H]2O)[C@H](O)[C@H]1NC(C)=O.CC(=O)N[C@H]1[C@@H](OP(=O)([O-])OP(=O)([O-])OC[C@H]2O[C@@H](n3ccc(=O)[nH]c3=O)[C@H](O)[C@@H]2O)O[C@H](CO)[C@@H](O)[C@@H]1O,CC(=O)N[C@H]1[C@@H](OP(=O)([O-])OP(=O)([O-])OC[C@H]2O[C@@H](n3ccc(=O)[nH]c3=O)[C@H](O)[C@@H]2O)O[C@H](CO)[C@@H](O)[C@@H]1O.[*]N[C@H](C([*])=O)C([*])O[C@H]1O[C@H](CO)[C@@H](O)[C@H](O)[C@@H]1O>>CC(=O)N[C@H]1[C@H](O[C@@H]2[C@@H](CO)O[C@H](O[C@@H]([*])[C@H](N[*])C([*])=O)[C@@H](O)[C@H]2O)O[C@H](CO)[C@@H](O)[C@@H]1O.O=c1ccn([C@@H]2O[C@H](COP(=O)([O-])OP(=O)([O-])[O-])[C@@H](O)[C@H]2O)c(=O)[nH]1
189,NaN,A2IQH4,NaN,Mus musculus,39,MNXR147825,MNXR147826_0.8870528923697143_0.7004838444515933|MNXR165876_0.8870528923697143_0.7004838444515933|MNXR174085_0.7213110869998675_0.7004838444515933,2.4.1.150,NaN,0.0,0.88705,0.700484,1,0.793768,-,-,-,-,-,-,-,*O[C@@H]1O[C@H](CO)[C@@H](O[C@@H]2O[C@H](CO)[C@H](O)[C@H](O[C@@H]3O[C@H](CO)[C@@H](O)[C@H](O)[C@H]3NC(C)=O)[C@H]2O)[C@H](O)[C@H]1NC(C)=O.O=c1ccn([C@@H]2O[C@H](COP(=O)([O-])OP(=O)([O-])[O-])[C@@H](O)[C@H]2O)c(=O)[nH]1>>*O[C@@H]1O[C@H](CO)[C@@H](O[C@@H]2O[C@H](CO)[C@H](O)[C@H](O)[C@H]2O)[C@H](O)[C@H]1NC(C)=O.CC(=O)N[C@H]1[C@@H](OP(=O)([O-])OP(=O)([O-])OC[C@H]2O[C@@H](n3ccc(=O)[nH]c3=O)[C@H](O)[C@@H]2O)O[C@H](CO)[C@@H](O)[C@@H]1O,CC(=O)N[C@H]1[C@@H](OP(=O)([O-])OP(=O)([O-])OC[C@H]2O[C@@H](n3ccc(=O)[nH]c3=O)[C@H](O)[C@@H]2O)O[C@H](CO)[C@@H](O)[C@@H]1O.CC(=O)N[C@H]1[C@H](O[*])O[C@H](CO)[C@@H](O[C@@H]2O[C@H](CO)[C@H](O)[C@H](O)[C@H]2O)[C@@H]1O>>CC(=O)N[C@H]1[C@H](O[*])O[C@H](CO)[C@@H](O[C@@H]2O[C@H](CO[C@@H]3O[C@H](CO)[C@@H](O)[C@H](O)[C@H]3NC(C)=O)[C@H](O)[C@H](O)[C@H]2O)[C@@H]1O.O=c1ccn([C@@H]2O[C@H](COP(=O)([O-])OP(=O)([O-])[O-])[C@@H](O)[C@H]2O)c(=O)[nH]1
190,NaN,A2IQH5,NaN,Mus musculus,39,MNXR147825,MNXR147826_0.8870528923697143_0.7004838444515933|MNXR165876_0.8870528923697143_0.7004838444515933|MNXR174085_0.7213110869998675_0.7004838444515933,2.4.1.150,NaN,0.0,0.88705,0.700484,1,0.793768,-,-,-,-,-,-,-,*O[C@@H]1O[C@H](CO)[C@@H](O[C@@H]2O[C@H](CO)[C@H](O)[C@H](O[C@@H]3O[C@H](CO)[C@@H](O)[C@H](O)[C@H]3NC(C)=O)[C@H]2O)[C@H](O)[C@H]1NC(C)=O.O=c1ccn([C@@H]2O[C@H](COP(=O)([O-])OP(=O)([O-])[O-])[C@@H](O)[C@H]2O)c(=O)[nH]1>>*O[C@@H]1O[C@H](CO)[C@@H](O[C@@H]2O[C@H](CO)[C@H](O)[C@H](O)[C@H]2O)[C@H](O)[C@H]1NC(C)=O.CC(=O)N[C@H]1[C@@H](OP(=O)([O-])OP(=O)([O-])OC[C@H]2O[C@@H](n3ccc(=O)[nH]c3=O)[C@H](O)[C@@H]2O)O[C@H](CO)[C@@H](O)[C@@H]1O,CC(=O)N[C@H]1[C@@H](OP(=O)([O-])OP(=O)([O-])OC[C@H]2O[C@@H](n3ccc(=O)[nH]c3=O)[C@H](O)[C@@H]2O)O[C@H](CO)[C@@H](O)[C@@H]1O.CC(=O)N[C@H]1[C@H](O[*])O[C@H](CO)[C@@H](O[C@@H]2O[C@H](CO)[C@H](O)[C@H](O)[C@H]2O)[C@@H]1O>>CC(=O)N[C@H]1[C@H](O[*])O[C@H](CO)[C@@H](O[C@@H]2O[C@H](CO[C@@H]3O[C@H](CO)[C@@H](O)[C@H](O)[C@H]3NC(C)=O)[C@H](O)[C@H](O)[C@H]2O)[C@@H]1O.O=c1ccn([C@@H]2O[C@H](COP(=O)([O-])OP(=O)([O-])[O-])[C@@H](O)[C@H]2O)c(=O)[nH]1
191,NaN,A0QQY9,NaN,Mycolicibacterium smegmatis,15,MNXR113049,-,2.4.1.250,NaN,0.0,0.63531,0.838197,1,0.736754,-,-,-,-,-,-,-,*O[C@@H]1O[C@H](CO)[C@@H](O[C@@H]2O[C@H](CO)[C@H](O)[C@H](O[C@@H]3O[C@H](CO)[C@@H](O)[C@H](O)[C@H]3NC(C)=O)[C@H]2O)[C@H](O)[C@H]1NC(C)=O.O=c1ccn([C@@H]2O[C@H](COP(=O)([O-])OP(=O)([O-])[O-])[C@@H](O)[C@H]2O)c(=O)[nH]1>>*O[C@@H]1O[C@H](CO)[C@@H](O[C@@H]2O[C@H](CO)[C@H](O)[C@H](O)[C@H]2O)[C@H](O)[C@H]1NC(C)=O.CC(=O)N[C@H]1[C@@H](OP(=O)([O-])OP(=O)([O-])OC[C@H]2O[C@@H](n3ccc(=O)[nH]c3=O)[C@H](O)[C@@H]2O)O[C@H](CO)[C@@H](O)[C@@H]1O,CC(=O)N[C@H]1[C@@H](OP(=O)([O-])OP(=O)([O-])OC[C@H]2O[C@@H](n3ccc(=O)[nH]c3=O)[C@H](O)[C@@H]2O)O[C@H](CO)[C@@H](O)[C@@H]1O.O=P([O-])([O-])O[C@H]1[C@@H](O)[C@@H](O)[C@H](O)[C@@H](O)[C@@H]1O>>CC(=O)N[C@H]1[C@@H](O[C@@H]2[C@H](O)[C@H](OP(=O)([O-])[O-])[C@@H](O)[C@H](O)[C@H]2O)O[C@H](CO)[C@@H](O)[C@@H]1O.[H+].O=c1ccn([C@@H]2O[C@H](COP(=O)([O-])OP(=O)([O-])[O-])[C@@H](O)[C@H]2O)c(=O)[nH]1
192,NaN,B5T072,NaN,Escherichia coli,2,MNXR148793,-,2.4.1.87,NaN,0.0,0.67371,0.797829,1,0.735769,-,-,-,-,-,-,-,*O[C@@H]1O[C@H](CO)[C@@H](O[C@@H]2O[C@H](CO)[C@H](O)[C@H](O[C@@H]3O[C@H](CO)[C@@H](O)[C@H](O)[C@H]3NC(C)=O)[C@H]2O)[C@H](O)[C@H]1NC(C)=O.O=c1ccn([C@@H]2O[C@H](COP(=O)([O-])OP(=O)([O-])[O-])[C@@H](O)[C@H]2O)c(=O)[nH]1>>*O[C@@H]1O[C@H](CO)[C@@H](O[C@@H]2O[C@H](CO)[C@H](O)[C@H](O)[C@H]2O)[C@H](O)[C@H]1NC(C)=O.CC(=O)N[C@H]1[C@@H](OP(=O)([O-])OP(=O)([O-])OC[C@H]2O[C@@H](n3ccc(=O)[nH]c3=O)[C@H](O)[C@@H]2O)O[C@H](CO)[C@@H](O)[C@@H]1O,CC(=O)N[C@H]1[C@H](O)O[C@H](CO)[C@@H](O[C@@H]2O[C@H](CO)[C@H](O)[C@H](O)[C@H]2O)[C@@H]1O.O=c1ccn([C@@H]2O[C@H](COP(=O)([O-])OP(=O)([O-])O[C@H]3O[C@H](CO)[C@H](O)[C@H](O)[C@H]3O)[C@@H](O)[C@H]2O)c(=O)[nH]1>>[H+].O=c1ccn([C@@H]2O[C@H](COP(=O)([O-])OP(=O)([O-])[O-])[C@@H](O)[C@H]2O)c(=O)[nH]1.CC(=O)N[C@H]1[C@H](O)O[C@H](CO)[C@@H](O[C@@H]2O[C@H](CO)[C@H](O)[C@H](O[C@H]3O[C@H](CO)[C@H](O)[C@H](O)[C@H]3O)[C@H]2O)[C@@H]1O
193,NaN,G0WVT5,NaN,Phaeodactylum tricornutum,20,MNXR174057,-,2.4.1.101,NaN,0.0,0.75039,0.700484,1,0.725437,-,-,-,-,-,-,-,*O[C@@H]1O[C@H](CO)[C@@H](O[C@@H]2O[C@H](CO)[C@H](O)[C@H](O[C@@H]3O[C@H](CO)[C@@H](O)[C@H](O)[C@H]3NC(C)=O)[C@H]2O)[C@H](O)[C@H]1NC(C)=O.O=c1ccn([C@@H]2O[C@H](COP(=O)([O-])OP(=O)([O-])[O-])[C@@H](O)[C@H]2O)c(=O)[nH]1>>*O[C@@H]1O[C@H](CO)[C@@H](O[C@@H]2O[C@H](CO)[C@H](O)[C@H](O)[C@H]2O)[C@H](O)[C@H]1NC(C)=O.CC(=O)N[C@H]1[C@@H](OP(=O)([O-])OP(=O)([O-])OC[C@H]2O[C@@H](n3ccc(=O)[nH]c3=O)[C@H](O)[C@@H]2O)O[C@H](CO)[C@@H](O)[C@@H]1O,CC(=O)N[C@H]1[C@@H](OP(=O)([O-])OP(=O)([O-])OC[C@H]2O[C@@H](n3ccc(=O)[nH]c3=O)[C@H](O)[C@@H]2O)O[C@H](CO)[C@@H](O)[C@@H]1O.[*]O[C@@H]1O[C@H](CO)[C@@H](O)C(O[C@H]2O[C@H](CO)[C@@H](O)[C@H](O)[C@@H]2O)[C@@H]1O>>CC(=O)N[C@H]1C(O[C@@H]2C(O[C@@H]3[C@H](O)[C@H](O[*])O[C@H](CO)[C@H]3O)O[C@H](CO)[C@@H](O)[C@@H]2O)O[C@H](CO)[C@@H](O)[C@@H]1O.O=c1ccn([C@@H]2O[C@H](COP(=O)([O-])OP(=O)([O-])[O-])[C@@H](O)[C@H]2O)c(=O)[nH]1
194,NaN,G5EBG7,NaN,Caenorhabditis elegans,26,MNXR174057,-,2.4.1.101,NaN,0.0,0.75039,0.700484,1,0.725437,-,-,-,-,-,-,-,*O[C@@H]1O[C@H](CO)[C@@H](O[C@@H]2O[C@H](CO)[C@H](O)[C@H](O[C@@H]3O[C@H](CO)[C@@H](O)[C@H](O)[C@H]3NC(C)=O)[C@H]2O)[C@H](O)[C@H]1NC(C)=O.O=c1ccn([C@@H]2O[C@H](COP(=O)([O-])OP(=O)([O-])[O-])[C@@H](O)[C@H]2O)c(=O)[nH]1>>*O[C@@H]1O[C@H](CO)[C@@H](O[C@@H]2O[C@H](CO)[C@H](O)[C@H](O)[C@H]2O)[C@H](O)[C@H]1NC(C)=O.CC(=O)N[C@H]1[C@@H](OP(=O)([O-])OP(=O)([O-])OC[C@H]2O[C@@H](n3ccc(=O)[nH]c3=O)[C@H](O)[C@@H]2O)O[C@H](CO)[C@@H](O)[C@@H]1O,CC(=O)N[C@H]1[C@@H](OP(=O)([O-])OP(=O)([O-])OC[C@H]2O[C@@H](n3ccc(=O)[nH]c3=O)[C@H](O)[C@@H]2O)O[C@H](CO)[C@@H](O)[C@@H]1O.[*]O[C@@H]1O[C@H](CO)[C@@H](O)C(O[C@H]2O[C@H](CO)[C@@H](O)[C@H](O)[C@@H]2O)[C@@H]1O>>CC(=O)N[C@H]1C(O[C@@H]2C(O[C@@H]3[C@H](O)[C@H](O[*])O[C@H](CO)[C@H]3O)O[C@H](CO)[C@@H](O)[C@@H]2O)O[C@H](CO)[C@@H](O)[C@@H]1O.O=c1ccn([C@@H]2O[C@H](COP(=O)([O-])OP(=O)([O-])[O-])[C@@H](O)[C@H]2O)c(=O)[nH]1
195,NaN,G5EFK6,NaN,Caenorhabditis elegans,26,MNXR174057,-,2.4.1.101,NaN,0.0,0.75039,0.700484,1,0.725437,-,-,-,-,-,-,-,*O[C@@H]1O[C@H](CO)[C@@H](O[C@@H]2O[C@H](CO)[C@H](O)[C@H](O[C@@H]3O[C@H](CO)[C@@H](O)[C@H](O)[C@H]3NC(C)=O)[C@H]2O)[C@H](O)[C@H]1NC(C)=O.O=c1ccn([C@@H]2O[C@H](COP(=O)([O-])OP(=O)([O-])[O-])[C@@H](O)[C@H]2O)c(=O)[nH]1>>*O[C@@H]1O[C@H](CO)[C@@H](O[C@@H]2O[C@H](CO)[C@H](O)[C@H](O)[C@H]2O)[C@H](O)[C@H]1NC(C)=O.CC(=O)N[C@H]1[C@@H](OP(=O)([O-])OP(=O)([O-])OC[C@H]2O[C@@H](n3ccc(=O)[nH]c3=O)[C@H](O)[C@@H]2O)O[C@H](CO)[C@@H](O)[C@@H]1O,CC(=O)N[C@H]1[C@@H](OP(=O)([O-])OP(=O)([O-])OC[C@H]2O[C@@H](n3ccc(=O)[nH]c3=O)[C@H](O)[C@@H]2O)O[C@H](CO)[C@@H](O)[C@@H]1O.[*]O[C@@H]1O[C@H](CO)[C@@H](O)C(O[C@H]2O[C@H](CO)[C@@H](O)[C@H](O)[C@@H]2O)[C@@H]1O>>CC(=O)N[C@H]1C(O[C@@H]2C(O[C@@H]3[C@H](O)[C@H](O[*])O[C@H](CO)[C@H]3O)O[C@H](CO)[C@@H](O)[C@@H]2O)O[C@H](CO)[C@@H](O)[C@@H]1O.O=c1ccn([C@@H]2O[C@H](COP(=O)([O-])OP(=O)([O-])[O-])[C@@H](O)[C@H]2O)c(=O)[nH]1
196,NaN,Q9ST97,NaN,Nicotiana tabacum,30,MNXR174057,-,2.4.1.101,NaN,0.0,0.75039,0.700484,1,0.725437,-,-,-,-,-,-,-,*O[C@@H]1O[C@H](CO)[C@@H](O[C@@H]2O[C@H](CO)[C@H](O)[C@H](O[C@@H]3O[C@H](CO)[C@@H](O)[C@H](O)[C@H]3NC(C)=O)[C@H]2O)[C@H](O)[C@H]1NC(C)=O.O=c1ccn([C@@H]2O[C@H](COP(=O)([O-])OP(=O)([O-])[O-])[C@@H](O)[C@H]2O)c(=O)[nH]1>>*O[C@@H]1O[C@H](CO)[C@@H](O[C@@H]2O[C@H](CO)[C@H](O)[C@H](O)[C@H]2O)[C@H](O)[C@H]1NC(C)=O.CC(=O)N[C@H]1[C@@H](OP(=O)([O-])OP(=O)([O-])OC[C@H]2O[C@@H](n3ccc(=O)[nH]c3=O)[C@H](O)[C@@H]2O)O[C@H](CO)[C@@H](O)[C@@H]1O,CC(=O)N[C@H]1[C@@H](OP(=O)([O-])OP(=O)([O-])OC[C@H]2O[C@@H](n3ccc(=O)[nH]c3=O)[C@H](O)[C@@H]2O)O[C@H](CO)[C@@H](O)[C@@H]1O.[*]O[C@@H]1O[C@H](CO)[C@@H](O)C(O[C@H]2O[C@H](CO)[C@@H](O)[C@H](O)[C@@H]2O)[C@@H]1O>>CC(=O)N[C@H]1C(O[C@@H]2C(O[C@@H]3[C@H](O)[C@H](O[*])O[C@H](CO)[C@H]3O)O[C@H](CO)[C@@H](O)[C@@H]2O)O[C@H](CO)[C@@H](O)[C@@H]1O.O=c1ccn([C@@H]2O[C@H](COP(=O)([O-])OP(=O)([O-])[O-])[C@@H](O)[C@H]2O)c(=O)[nH]1
197,NaN,Q8VX56,NaN,Solanum tuberosum,30,MNXR174057,-,2.4.1.101,NaN,0.0,0.75039,0.700484,1,0.725437,-,-,-,-,-,-,-,*O[C@@H]1O[C@H](CO)[C@@H](O[C@@H]2O[C@H](CO)[C@H](O)[C@H](O[C@@H]3O[C@H](CO)[C@@H](O)[C@H](O)[C@H]3NC(C)=O)[C@H]2O)[C@H](O)[C@H]1NC(C)=O.O=c1ccn([C@@H]2O[C@H](COP(=O)([O-])OP(=O)([O-])[O-])[C@@H](O)[C@H]2O)c(=O)[nH]1>>*O[C@@H]1O[C@H](CO)[C@@H](O[C@@H]2O[C@H](CO)[C@H](O)[C@H](O)[C@H]2O)[C@H](O)[C@H]1NC(C)=O.CC(=O)N[C@H]1[C@@H](OP(=O)([O-])OP(=O)([O-])OC[C@H]2O[C@@H](n3ccc(=O)[nH]c3=O)[C@H](O)[C@@H]2O)O[C@H](CO)[C@@H](O)[C@@H]1O,CC(=O)N[C@H]1[C@@H](OP(=O)([O-])OP(=O)([O-])OC[C@H]2O[C@@H](n3ccc(=O)[nH]c3=O)[C@H](O)[C@@H]2O)O[C@H](CO)[C@@H](O)[C@@H]1O.[*]O[C@@H]1O[C@H](CO)[C@@H](O)C(O[C@H]2O[C@H](CO)[C@@H](O)[C@H](O)[C@@H]2O)[C@@H]1O>>CC(=O)N[C@H]1C(O[C@@H]2C(O[C@@H]3[C@H](O)[C@H](O[*])O[C@H](CO)[C@H]3O)O[C@H](CO)[C@@H](O)[C@@H]2O)O[C@H](CO)[C@@H](O)[C@@H]1O.O=c1ccn([C@@H]2O[C@H](COP(=O)([O-])OP(=O)([O-])[O-])[C@@H](O)[C@H]2O)c(=O)[nH]1
198,NaN,P70680,NaN,Cricetulus griseus,38,MNXR174057,-,2.4.1.101,NaN,0.0,0.75039,0.700484,1,0.725437,-,-,-,-,-,-,-,*O[C@@H]1O[C@H](CO)[C@@H](O[C@@H]2O[C@H](CO)[C@H](O)[C@H](O[C@@H]3O[C@H](CO)[C@@H](O)[C@H](O)[C@H]3NC(C)=O)[C@H]2O)[C@H](O)[C@H]1NC(C)=O.O=c1ccn([C@@H]2O[C@H](COP(=O)([O-])OP(=O)([O-])[O-])[C@@H](O)[C@H]2O)c(=O)[nH]1>>*O[C@@H]1O[C@H](CO)[C@@H](O[C@@H]2O[C@H](CO)[C@H](O)[C@H](O)[C@H]2O)[C@H](O)[C@H]1NC(C)=O.CC(=O)N[C@H]1[C@@H](OP(=O)([O-])OP(=O)([O-])OC[C@H]2O[C@@H](n3ccc(=O)[nH]c3=O)[C@H](O)[C@@H]2O)O[C@H](CO)[C@@H](O)[C@@H]1O,CC(=O)N[C@H]1[C@@H](OP(=O)([O-])OP(=O)([O-])OC[C@H]2O[C@@H](n3ccc(=O)[nH]c3=O)[C@H](O)[C@@H]2O)O[C@H](CO)[C@@H](O)[C@@H]1O.[*]O[C@@H]1O[C@H](CO)[C@@H](O)C(O[C@H]2O[C@H](CO)[C@@H](O)[C@H](O)[C@@H]2O)[C@@H]1O>>CC(=O)N[C@H]1C(O[C@@H]2C(O[C@@H]3[C@H](O)[C@H](O[*])O[C@H](CO)[C@H]3O)O[C@H](CO)[C@@H](O)[C@@H]2O)O[C@H](CO)[C@@H](O)[C@@H]1O.O=c1ccn([C@@H]2O[C@H](COP(=O)([O-])OP(=O)([O-])[O-])[C@@H](O)[C@H]2O)c(=O)[nH]1
199,NaN,Q7KN92,NaN,Drosophila melanogaster,42,MNXR166096,-,2.4.1.244,NaN,0.0,0.74043,0.700484,-1,0.720455,-,-,-,-,-,-,-,*O[C@@H]1O[C@H](CO)[C@@H](O[C@@H]2O[C@H](CO)[C@H](O)[C@H](O[C@@H]3O[C@H](CO)[C@@H](O)[C@H](O)[C@H]3NC(C)=O)[C@H]2O)[C@H](O)[C@H]1NC(C)=O.O=c1ccn([C@@H]2O[C@H](COP(=O)([O-])OP(=O)([O-])[O-])[C@@H](O)[C@H]2O)c(=O)[nH]1>>*O[C@@H]1O[C@H](CO)[C@@H](O[C@@H]2O[C@H](CO)[C@H](O)[C@H](O)[C@H]2O)[C@H](O)[C@H]1NC(C)=O.CC(=O)N[C@H]1[C@@H](OP(=O)([O-])OP(=O)([O-])OC[C@H]2O[C@@H](n3ccc(=O)[nH]c3=O)[C@H](O)[C@@H]2O)O[C@H](CO)[C@@H](O)[C@@H]1O,CC(=O)N[C@H]1[C@H](O[*])O[C@H](CO)[C@@H](O[C@@H]2O[C@H](CO)[C@H](O)[C@H](O)[C@H]2NC(C)=O)[C@@H]1O.O=c1ccn([C@@H]2O[C@H](COP(=O)([O-])OP(=O)([O-])[O-])[C@@H](O)[C@H]2O)c(=O)[nH]1>>CC(=O)N[C@H]1[C@H](O[*])O[C@H](CO)[C@@H](O)[C@@H]1O.CC(=O)N[C@H]1[C@@H](OP(=O)([O-])OP(=O)([O-])OC[C@H]2O[C@@H](n3ccc(=O)[nH]c3=O)[C@H](O)[C@@H]2O)O[C@H](CO)[C@H](O)[C@@H]1O
200,NaN,A0A3L7H411,NaN,Cricetulus griseus,38,MNXR164302,MNXR113945_0.6959572050414836_0.7004838444515933,2.4.1.313,NaN,0.0,0.71275,0.700484,-1,0.706619,-,-,-,-,-,-,-,*O[C@@H]1O[C@H](CO)[C@@H](O[C@@H]2O[C@H](CO)[C@H](O)[C@H](O[C@@H]3O[C@H](CO)[C@@H](O)[C@H](O)[C@H]3NC(C)=O)[C@H]2O)[C@H](O)[C@H]1NC(C)=O.O=c1ccn([C@@H]2O[C@H](COP(=O)([O-])OP(=O)([O-])[O-])[C@@H](O)[C@H]2O)c(=O)[nH]1>>*O[C@@H]1O[C@H](CO)[C@@H](O[C@@H]2O[C@H](CO)[C@H](O)[C@H](O)[C@H]2O)[C@H](O)[C@H]1NC(C)=O.CC(=O)N[C@H]1[C@@H](OP(=O)([O-])OP(=O)([O-])OC[C@H]2O[C@@H](n3ccc(=O)[nH]c3=O)[C@H](O)[C@@H]2O)O[C@H](CO)[C@@H](O)[C@@H]1O,CC(=O)N[C@H]1[C@H](O[C@@H]2[C@@H](CO)O[C@H](O[C@@H]([*])[C@H](N[*])C([*])=O)[C@@H](O)[C@H]2O)O[C@H](CO)[C@@H](O)[C@@H]1O[C@@H]1O[C@H](CO)[C@H](O)[C@H](O)[C@H]1NC(C)=O.O=c1ccn([C@@H]2O[C@H](COP(=O)([O-])OP(=O)([O-])[O-])[C@@H](O)[C@H]2O)c(=O)[nH]1>>CC(=O)N[C@H]1[C@H](O[C@@H]2[C@@H](CO)O[C@H](O[C@@H]([*])[C@H](N[*])C([*])=O)[C@@H](O)[C@H]2O)O[C@H](CO)[C@@H](O)[C@@H]1O.CC(=O)N[C@H]1[C@@H](OP(=O)([O-])OP(=O)([O-])OC[C@H]2O[C@@H](n3ccc(=O)[nH]c3=O)[C@H](O)[C@@H]2O)O[C@H](CO)[C@H](O)[C@@H]1O
