,Score,Seq. ID,Description,Organism Source,Tax. distance,Rxn. ID,Rxn. ID - additional,EC Number,Uniprot protein evidence,Consv. Score,Rxn Sim.,Rxn Sim RF.,Direction Used,Combined score,% helices,% sheets,% turns,% coils,Mol. Weight,Isoelec. Point,Polar %,Query,Hit
1,70.917000,D3RNJ4,Adenosine 5'-phosphosulfate reductase,Allochromatium vinosum (strain ATCC 17899 / DSM 180 / NBRC 103801 / NCIMB 10441 / D) OX=572477,11.0,MNXR152999,MNXR153000_0.6260772499802167_0.9999999999999999|MNXR153001_0.6260772499802167_0.9999999999999999|MNXR153002_0.6260772499802167_0.9999999999999999|MNXR176244_0.6260772499802167_0.9999999999999999,1.8.4.10,3.0,0.0,0.64434,1.000000,1,0.822170,42.5,16.7,24.2,23.3,29143.95,6.7142,46.875,Nc1ncnc2c1ncn2[C@@H]1O[C@H](COP(=O)([O-])OS(=O)(=O)[O-])[C@@H](O)[C@H]1O.O[C@@H](CS)[C@@H](O)CS>>Nc1ncnc2c1ncn2[C@@H]1O[C@H](COP(=O)([O-])[O-])[C@@H](O)[C@H]1O.O=S([O-])[O-].O[C@H]1CSSC[C@@H]1O,O=S([O-])[O-].Nc1ncnc2c1ncn2[C@@H]1O[C@H](COP(=O)([O-])[O-])[C@@H](O)[C@H]1O.[*]N[C@@H](CSSC[C@H](N[*])C([*])=O)C([*])=O>>[*]N[C@@H](CS)C(=O)N[C@@H]([*])C(=O)N[C@@H]([*])C(=O)N[C@@H](CS)C([*])=O.Nc1ncnc2c1ncn2[C@@H]1O[C@H](COP(=O)([O-])OS(=O)(=O)[O-])[C@@H](O)[C@H]1O
2,70.117000,O05927,Adenosine 5'-phosphosulfate reductase,Pseudomonas aeruginosa (strain ATCC 15692 / DSM 22644 / CIP 104116 / JCM 14847 / LMG 12228 / 1C / PRS 101 / PAO1) OX=208964,12.0,MNXR152999,MNXR153000_0.6260772499802167_0.9999999999999999|MNXR153001_0.6260772499802167_0.9999999999999999|MNXR153002_0.6260772499802167_0.9999999999999999|MNXR176244_0.6260772499802167_0.9999999999999999,1.8.4.10,1.0,0.0,0.64434,1.000000,1,0.822170,39.8,15.5,25.5,25.5,30215.33,6.4221,45.693,Nc1ncnc2c1ncn2[C@@H]1O[C@H](COP(=O)([O-])OS(=O)(=O)[O-])[C@@H](O)[C@H]1O.O[C@@H](CS)[C@@H](O)CS>>Nc1ncnc2c1ncn2[C@@H]1O[C@H](COP(=O)([O-])[O-])[C@@H](O)[C@H]1O.O=S([O-])[O-].O[C@H]1CSSC[C@@H]1O,O=S([O-])[O-].Nc1ncnc2c1ncn2[C@@H]1O[C@H](COP(=O)([O-])[O-])[C@@H](O)[C@H]1O.[*]N[C@@H](CSSC[C@H](N[*])C([*])=O)C([*])=O>>[*]N[C@@H](CS)C(=O)N[C@@H]([*])C(=O)N[C@@H]([*])C(=O)N[C@@H](CS)C([*])=O.Nc1ncnc2c1ncn2[C@@H]1O[C@H](COP(=O)([O-])OS(=O)(=O)[O-])[C@@H](O)[C@H]1O
3,69.917000,Q02KP7,Adenosine 5'-phosphosulfate reductase,Pseudomonas aeruginosa (strain UCBPP-PA14) OX=208963,12.0,MNXR152999,MNXR153000_0.6260772499802167_0.9999999999999999|MNXR153001_0.6260772499802167_0.9999999999999999|MNXR153002_0.6260772499802167_0.9999999999999999|MNXR176244_0.6260772499802167_0.9999999999999999,1.8.4.10,3.0,0.0,0.64434,1.000000,1,0.822170,39.4,14.7,25.9,26.3,30199.29,6.4221,45.693,Nc1ncnc2c1ncn2[C@@H]1O[C@H](COP(=O)([O-])OS(=O)(=O)[O-])[C@@H](O)[C@H]1O.O[C@@H](CS)[C@@H](O)CS>>Nc1ncnc2c1ncn2[C@@H]1O[C@H](COP(=O)([O-])[O-])[C@@H](O)[C@H]1O.O=S([O-])[O-].O[C@H]1CSSC[C@@H]1O,O=S([O-])[O-].Nc1ncnc2c1ncn2[C@@H]1O[C@H](COP(=O)([O-])[O-])[C@@H](O)[C@H]1O.[*]N[C@@H](CSSC[C@H](N[*])C([*])=O)C([*])=O>>[*]N[C@@H](CS)C(=O)N[C@@H]([*])C(=O)N[C@@H]([*])C(=O)N[C@@H](CS)C([*])=O.Nc1ncnc2c1ncn2[C@@H]1O[C@H](COP(=O)([O-])OS(=O)(=O)[O-])[C@@H](O)[C@H]1O
4,69.917000,B7VBC3,Adenosine 5'-phosphosulfate reductase,Pseudomonas aeruginosa (strain LESB58) OX=557722,12.0,MNXR152999,MNXR153000_0.6260772499802167_0.9999999999999999|MNXR153001_0.6260772499802167_0.9999999999999999|MNXR153002_0.6260772499802167_0.9999999999999999|MNXR176244_0.6260772499802167_0.9999999999999999,1.8.4.10,3.0,0.0,0.64434,1.000000,1,0.822170,39.4,14.7,25.9,26.3,30199.29,6.4221,45.693,Nc1ncnc2c1ncn2[C@@H]1O[C@H](COP(=O)([O-])OS(=O)(=O)[O-])[C@@H](O)[C@H]1O.O[C@@H](CS)[C@@H](O)CS>>Nc1ncnc2c1ncn2[C@@H]1O[C@H](COP(=O)([O-])[O-])[C@@H](O)[C@H]1O.O=S([O-])[O-].O[C@H]1CSSC[C@@H]1O,O=S([O-])[O-].Nc1ncnc2c1ncn2[C@@H]1O[C@H](COP(=O)([O-])[O-])[C@@H](O)[C@H]1O.[*]N[C@@H](CSSC[C@H](N[*])C([*])=O)C([*])=O>>[*]N[C@@H](CS)C(=O)N[C@@H]([*])C(=O)N[C@@H]([*])C(=O)N[C@@H](CS)C([*])=O.Nc1ncnc2c1ncn2[C@@H]1O[C@H](COP(=O)([O-])OS(=O)(=O)[O-])[C@@H](O)[C@H]1O
5,68.917000,Q11B66,Adenosine 5'-phosphosulfate reductase,Chelativorans sp. (strain BNC1) OX=266779,13.0,MNXR152999,MNXR153000_0.6260772499802167_0.9999999999999999|MNXR153001_0.6260772499802167_0.9999999999999999|MNXR153002_0.6260772499802167_0.9999999999999999|MNXR176244_0.6260772499802167_0.9999999999999999,1.8.4.10,3.0,0.0,0.64434,1.000000,1,0.822170,41.9,17.0,21.8,26.2,26754.40,5.6183,42.449,Nc1ncnc2c1ncn2[C@@H]1O[C@H](COP(=O)([O-])OS(=O)(=O)[O-])[C@@H](O)[C@H]1O.O[C@@H](CS)[C@@H](O)CS>>Nc1ncnc2c1ncn2[C@@H]1O[C@H](COP(=O)([O-])[O-])[C@@H](O)[C@H]1O.O=S([O-])[O-].O[C@H]1CSSC[C@@H]1O,O=S([O-])[O-].Nc1ncnc2c1ncn2[C@@H]1O[C@H](COP(=O)([O-])[O-])[C@@H](O)[C@H]1O.[*]N[C@@H](CSSC[C@H](N[*])C([*])=O)C([*])=O>>[*]N[C@@H](CS)C(=O)N[C@@H]([*])C(=O)N[C@@H]([*])C(=O)N[C@@H](CS)C([*])=O.Nc1ncnc2c1ncn2[C@@H]1O[C@H](COP(=O)([O-])OS(=O)(=O)[O-])[C@@H](O)[C@H]1O
6,68.917000,Q98GP9,Adenosine 5'-phosphosulfate reductase,Mesorhizobium japonicum (strain LMG 29417 / CECT 9101 / MAFF 303099) OX=266835,13.0,MNXR152999,MNXR153000_0.6260772499802167_0.9999999999999999|MNXR153001_0.6260772499802167_0.9999999999999999|MNXR153002_0.6260772499802167_0.9999999999999999|MNXR176244_0.6260772499802167_0.9999999999999999,1.8.4.10,3.0,0.0,0.64434,1.000000,1,0.822170,47.1,18.1,16.8,24.8,27605.38,6.1719,41.339,Nc1ncnc2c1ncn2[C@@H]1O[C@H](COP(=O)([O-])OS(=O)(=O)[O-])[C@@H](O)[C@H]1O.O[C@@H](CS)[C@@H](O)CS>>Nc1ncnc2c1ncn2[C@@H]1O[C@H](COP(=O)([O-])[O-])[C@@H](O)[C@H]1O.O=S([O-])[O-].O[C@H]1CSSC[C@@H]1O,O=S([O-])[O-].Nc1ncnc2c1ncn2[C@@H]1O[C@H](COP(=O)([O-])[O-])[C@@H](O)[C@H]1O.[*]N[C@@H](CSSC[C@H](N[*])C([*])=O)C([*])=O>>[*]N[C@@H](CS)C(=O)N[C@@H]([*])C(=O)N[C@@H]([*])C(=O)N[C@@H](CS)C([*])=O.Nc1ncnc2c1ncn2[C@@H]1O[C@H](COP(=O)([O-])OS(=O)(=O)[O-])[C@@H](O)[C@H]1O
7,68.917000,O33579,Adenosine 5'-phosphosulfate reductase (Fragment),Rhizobium tropici OX=398,13.0,MNXR152999,MNXR153000_0.6260772499802167_0.9999999999999999|MNXR153001_0.6260772499802167_0.9999999999999999|MNXR153002_0.6260772499802167_0.9999999999999999|MNXR176244_0.6260772499802167_0.9999999999999999,1.8.4.10,3.0,0.0,0.64434,1.000000,1,0.822170,34.8,20.1,27.4,27.4,20394.80,5.1321,45.556,Nc1ncnc2c1ncn2[C@@H]1O[C@H](COP(=O)([O-])OS(=O)(=O)[O-])[C@@H](O)[C@H]1O.O[C@@H](CS)[C@@H](O)CS>>Nc1ncnc2c1ncn2[C@@H]1O[C@H](COP(=O)([O-])[O-])[C@@H](O)[C@H]1O.O=S([O-])[O-].O[C@H]1CSSC[C@@H]1O,O=S([O-])[O-].Nc1ncnc2c1ncn2[C@@H]1O[C@H](COP(=O)([O-])[O-])[C@@H](O)[C@H]1O.[*]N[C@@H](CSSC[C@H](N[*])C([*])=O)C([*])=O>>[*]N[C@@H](CS)C(=O)N[C@@H]([*])C(=O)N[C@@H]([*])C(=O)N[C@@H](CS)C([*])=O.Nc1ncnc2c1ncn2[C@@H]1O[C@H](COP(=O)([O-])OS(=O)(=O)[O-])[C@@H](O)[C@H]1O
8,68.917000,Q9RFS6,Adenosine 5'-phosphosulfate reductase,Burkholderia cepacia OX=292,13.0,MNXR152999,MNXR153000_0.6260772499802167_0.9999999999999999|MNXR153001_0.6260772499802167_0.9999999999999999|MNXR153002_0.6260772499802167_0.9999999999999999|MNXR176244_0.6260772499802167_0.9999999999999999,1.8.4.10,3.0,0.0,0.64434,1.000000,1,0.822170,50.4,16.2,19.2,20.9,27881.41,5.9967,46.000,Nc1ncnc2c1ncn2[C@@H]1O[C@H](COP(=O)([O-])OS(=O)(=O)[O-])[C@@H](O)[C@H]1O.O[C@@H](CS)[C@@H](O)CS>>Nc1ncnc2c1ncn2[C@@H]1O[C@H](COP(=O)([O-])[O-])[C@@H](O)[C@H]1O.O=S([O-])[O-].O[C@H]1CSSC[C@@H]1O,O=S([O-])[O-].Nc1ncnc2c1ncn2[C@@H]1O[C@H](COP(=O)([O-])[O-])[C@@H](O)[C@H]1O.[*]N[C@@H](CSSC[C@H](N[*])C([*])=O)C([*])=O>>[*]N[C@@H](CS)C(=O)N[C@@H]([*])C(=O)N[C@@H]([*])C(=O)N[C@@H](CS)C([*])=O.Nc1ncnc2c1ncn2[C@@H]1O[C@H](COP(=O)([O-])OS(=O)(=O)[O-])[C@@H](O)[C@H]1O
9,68.117000,P56891,Adenosine 5'-phosphosulfate reductase,Rhizobium meliloti (strain 1021) OX=266834,14.0,MNXR152999,MNXR153000_0.6260772499802167_0.9999999999999999|MNXR153001_0.6260772499802167_0.9999999999999999|MNXR153002_0.6260772499802167_0.9999999999999999|MNXR176244_0.6260772499802167_0.9999999999999999,1.8.4.10,1.0,0.0,0.64434,1.000000,1,0.822170,51.4,14.1,17.3,23.7,28766.55,4.7598,42.642,Nc1ncnc2c1ncn2[C@@H]1O[C@H](COP(=O)([O-])OS(=O)(=O)[O-])[C@@H](O)[C@H]1O.O[C@@H](CS)[C@@H](O)CS>>Nc1ncnc2c1ncn2[C@@H]1O[C@H](COP(=O)([O-])[O-])[C@@H](O)[C@H]1O.O=S([O-])[O-].O[C@H]1CSSC[C@@H]1O,O=S([O-])[O-].Nc1ncnc2c1ncn2[C@@H]1O[C@H](COP(=O)([O-])[O-])[C@@H](O)[C@H]1O.[*]N[C@@H](CSSC[C@H](N[*])C([*])=O)C([*])=O>>[*]N[C@@H](CS)C(=O)N[C@@H]([*])C(=O)N[C@@H]([*])C(=O)N[C@@H](CS)C([*])=O.Nc1ncnc2c1ncn2[C@@H]1O[C@H](COP(=O)([O-])OS(=O)(=O)[O-])[C@@H](O)[C@H]1O
10,67.917000,Q9JUD5,Adenosine 5'-phosphosulfate reductase,Neisseria meningitidis serogroup A / serotype 4A (strain DSM 15465 / Z2491) OX=122587,14.0,MNXR152999,MNXR153000_0.6260772499802167_0.9999999999999999|MNXR153001_0.6260772499802167_0.9999999999999999|MNXR153002_0.6260772499802167_0.9999999999999999|MNXR176244_0.6260772499802167_0.9999999999999999,1.8.4.10,3.0,0.0,0.64434,1.000000,1,0.822170,45.2,11.8,24.1,25.9,28062.79,6.8717,47.541,Nc1ncnc2c1ncn2[C@@H]1O[C@H](COP(=O)([O-])OS(=O)(=O)[O-])[C@@H](O)[C@H]1O.O[C@@H](CS)[C@@H](O)CS>>Nc1ncnc2c1ncn2[C@@H]1O[C@H](COP(=O)([O-])[O-])[C@@H](O)[C@H]1O.O=S([O-])[O-].O[C@H]1CSSC[C@@H]1O,O=S([O-])[O-].Nc1ncnc2c1ncn2[C@@H]1O[C@H](COP(=O)([O-])[O-])[C@@H](O)[C@H]1O.[*]N[C@@H](CSSC[C@H](N[*])C([*])=O)C([*])=O>>[*]N[C@@H](CS)C(=O)N[C@@H]([*])C(=O)N[C@@H]([*])C(=O)N[C@@H](CS)C([*])=O.Nc1ncnc2c1ncn2[C@@H]1O[C@H](COP(=O)([O-])OS(=O)(=O)[O-])[C@@H](O)[C@H]1O
11,67.917000,Q9JRT1,Adenosine 5'-phosphosulfate reductase,Neisseria meningitidis serogroup B (strain MC58) OX=122586,14.0,MNXR152999,MNXR153000_0.6260772499802167_0.9999999999999999|MNXR153001_0.6260772499802167_0.9999999999999999|MNXR153002_0.6260772499802167_0.9999999999999999|MNXR176244_0.6260772499802167_0.9999999999999999,1.8.4.10,3.0,0.0,0.64434,1.000000,1,0.822170,40.4,14.8,24.8,27.0,28090.75,8.2162,47.154,Nc1ncnc2c1ncn2[C@@H]1O[C@H](COP(=O)([O-])OS(=O)(=O)[O-])[C@@H](O)[C@H]1O.O[C@@H](CS)[C@@H](O)CS>>Nc1ncnc2c1ncn2[C@@H]1O[C@H](COP(=O)([O-])[O-])[C@@H](O)[C@H]1O.O=S([O-])[O-].O[C@H]1CSSC[C@@H]1O,O=S([O-])[O-].Nc1ncnc2c1ncn2[C@@H]1O[C@H](COP(=O)([O-])[O-])[C@@H](O)[C@H]1O.[*]N[C@@H](CSSC[C@H](N[*])C([*])=O)C([*])=O>>[*]N[C@@H](CS)C(=O)N[C@@H]([*])C(=O)N[C@@H]([*])C(=O)N[C@@H](CS)C([*])=O.Nc1ncnc2c1ncn2[C@@H]1O[C@H](COP(=O)([O-])OS(=O)(=O)[O-])[C@@H](O)[C@H]1O
12,67.796684,P23857,Thiosulfate sulfurtransferase PspE,Escherichia coli (strain K12) OX=83333,1.0,MNXR195009,-,2.8.1.1,1.0,0.0,0.60186,0.776074,1,0.688965,60.2,15.9,20.5,21.6,11475.31,8.4756,42.308,Nc1ncnc2c1ncn2[C@@H]1O[C@H](COP(=O)([O-])OS(=O)(=O)[O-])[C@@H](O)[C@H]1O.O[C@@H](CS)[C@@H](O)CS>>Nc1ncnc2c1ncn2[C@@H]1O[C@H](COP(=O)([O-])[O-])[C@@H](O)[C@H]1O.O=S([O-])[O-].O[C@H]1CSSC[C@@H]1O,O=S([O-])[O-].[*]S[*].O[C@H]1CSSC[C@@H]1O>>O=S(=O)([O-])S.O[C@@H](CS)[C@@H](O)CS
13,67.796684,P78067,Thiosulfate sulfurtransferase YnjE,Escherichia coli (strain K12) OX=83333,1.0,MNXR195009,-,2.8.1.1,1.0,0.0,0.60186,0.776074,1,0.688965,40.3,19.3,19.3,24.8,48228.57,6.6556,45.057,Nc1ncnc2c1ncn2[C@@H]1O[C@H](COP(=O)([O-])OS(=O)(=O)[O-])[C@@H](O)[C@H]1O.O[C@@H](CS)[C@@H](O)CS>>Nc1ncnc2c1ncn2[C@@H]1O[C@H](COP(=O)([O-])[O-])[C@@H](O)[C@H]1O.O=S([O-])[O-].O[C@H]1CSSC[C@@H]1O,O=S([O-])[O-].[*]S[*].O[C@H]1CSSC[C@@H]1O>>O=S(=O)([O-])S.O[C@@H](CS)[C@@H](O)CS
14,67.796684,P0A6V5,Thiosulfate sulfurtransferase GlpE,Escherichia coli (strain K12) OX=83333,1.0,MNXR195009,-,2.8.1.1,1.0,0.0,0.60186,0.776074,1,0.688965,46.7,28.3,15.2,27.2,12082.47,4.2901,42.593,Nc1ncnc2c1ncn2[C@@H]1O[C@H](COP(=O)([O-])OS(=O)(=O)[O-])[C@@H](O)[C@H]1O.O[C@@H](CS)[C@@H](O)CS>>Nc1ncnc2c1ncn2[C@@H]1O[C@H](COP(=O)([O-])[O-])[C@@H](O)[C@H]1O.O=S([O-])[O-].O[C@H]1CSSC[C@@H]1O,O=S([O-])[O-].[*]S[*].O[C@H]1CSSC[C@@H]1O>>O=S(=O)([O-])S.O[C@@H](CS)[C@@H](O)CS
15,67.117000,C3MIE1,Adenosine 5'-phosphosulfate reductase,Sinorhizobium fredii (strain NBRC 101917 / NGR234) OX=394,15.0,MNXR152999,MNXR153000_0.6260772499802167_0.9999999999999999|MNXR153001_0.6260772499802167_0.9999999999999999|MNXR153002_0.6260772499802167_0.9999999999999999|MNXR176244_0.6260772499802167_0.9999999999999999,1.8.4.10,1.0,0.0,0.64434,1.000000,1,0.822170,54.9,12.3,17.9,21.7,27379.93,4.8450,41.833,Nc1ncnc2c1ncn2[C@@H]1O[C@H](COP(=O)([O-])OS(=O)(=O)[O-])[C@@H](O)[C@H]1O.O[C@@H](CS)[C@@H](O)CS>>Nc1ncnc2c1ncn2[C@@H]1O[C@H](COP(=O)([O-])[O-])[C@@H](O)[C@H]1O.O=S([O-])[O-].O[C@H]1CSSC[C@@H]1O,O=S([O-])[O-].Nc1ncnc2c1ncn2[C@@H]1O[C@H](COP(=O)([O-])[O-])[C@@H](O)[C@H]1O.[*]N[C@@H](CSSC[C@H](N[*])C([*])=O)C([*])=O>>[*]N[C@@H](CS)C(=O)N[C@@H]([*])C(=O)N[C@@H]([*])C(=O)N[C@@H](CS)C([*])=O.Nc1ncnc2c1ncn2[C@@H]1O[C@H](COP(=O)([O-])OS(=O)(=O)[O-])[C@@H](O)[C@H]1O
16,67.117000,I3X057,Adenosine 5'-phosphosulfate reductase,Sinorhizobium fredii (strain USDA 257) OX=1185652,15.0,MNXR152999,MNXR153000_0.6260772499802167_0.9999999999999999|MNXR153001_0.6260772499802167_0.9999999999999999|MNXR153002_0.6260772499802167_0.9999999999999999|MNXR176244_0.6260772499802167_0.9999999999999999,1.8.4.10,1.0,0.0,0.64434,1.000000,1,0.822170,52.8,14.5,17.4,22.1,27443.08,4.9462,43.028,Nc1ncnc2c1ncn2[C@@H]1O[C@H](COP(=O)([O-])OS(=O)(=O)[O-])[C@@H](O)[C@H]1O.O[C@@H](CS)[C@@H](O)CS>>Nc1ncnc2c1ncn2[C@@H]1O[C@H](COP(=O)([O-])[O-])[C@@H](O)[C@H]1O.O=S([O-])[O-].O[C@H]1CSSC[C@@H]1O,O=S([O-])[O-].Nc1ncnc2c1ncn2[C@@H]1O[C@H](COP(=O)([O-])[O-])[C@@H](O)[C@H]1O.[*]N[C@@H](CSSC[C@H](N[*])C([*])=O)C([*])=O>>[*]N[C@@H](CS)C(=O)N[C@@H]([*])C(=O)N[C@@H]([*])C(=O)N[C@@H](CS)C([*])=O.Nc1ncnc2c1ncn2[C@@H]1O[C@H](COP(=O)([O-])OS(=O)(=O)[O-])[C@@H](O)[C@H]1O
17,67.117000,Q8UH67,Adenosine 5'-phosphosulfate reductase,Agrobacterium fabrum (strain C58 / ATCC 33970) OX=176299,15.0,MNXR152999,MNXR153000_0.6260772499802167_0.9999999999999999|MNXR153001_0.6260772499802167_0.9999999999999999|MNXR153002_0.6260772499802167_0.9999999999999999|MNXR176244_0.6260772499802167_0.9999999999999999,1.8.4.10,1.0,0.0,0.64434,1.000000,1,0.822170,45.1,16.0,18.0,27.5,28615.25,4.7683,43.846,Nc1ncnc2c1ncn2[C@@H]1O[C@H](COP(=O)([O-])OS(=O)(=O)[O-])[C@@H](O)[C@H]1O.O[C@@H](CS)[C@@H](O)CS>>Nc1ncnc2c1ncn2[C@@H]1O[C@H](COP(=O)([O-])[O-])[C@@H](O)[C@H]1O.O=S([O-])[O-].O[C@H]1CSSC[C@@H]1O,O=S([O-])[O-].Nc1ncnc2c1ncn2[C@@H]1O[C@H](COP(=O)([O-])[O-])[C@@H](O)[C@H]1O.[*]N[C@@H](CSSC[C@H](N[*])C([*])=O)C([*])=O>>[*]N[C@@H](CS)C(=O)N[C@@H]([*])C(=O)N[C@@H]([*])C(=O)N[C@@H](CS)C([*])=O.Nc1ncnc2c1ncn2[C@@H]1O[C@H](COP(=O)([O-])OS(=O)(=O)[O-])[C@@H](O)[C@H]1O
18,66.596684,C4ZVX6,Thiosulfate sulfurtransferase GlpE,Escherichia coli (strain K12 / MC4100 / BW2952) OX=595496,2.0,MNXR195009,-,2.8.1.1,3.0,0.0,0.60186,0.776074,1,0.688965,46.7,28.3,15.2,27.2,12082.47,4.2901,42.593,Nc1ncnc2c1ncn2[C@@H]1O[C@H](COP(=O)([O-])OS(=O)(=O)[O-])[C@@H](O)[C@H]1O.O[C@@H](CS)[C@@H](O)CS>>Nc1ncnc2c1ncn2[C@@H]1O[C@H](COP(=O)([O-])[O-])[C@@H](O)[C@H]1O.O=S([O-])[O-].O[C@H]1CSSC[C@@H]1O,O=S([O-])[O-].[*]S[*].O[C@H]1CSSC[C@@H]1O>>O=S(=O)([O-])S.O[C@@H](CS)[C@@H](O)CS
19,66.596684,B1X770,Thiosulfate sulfurtransferase GlpE,Escherichia coli (strain K12 / DH10B) OX=316385,2.0,MNXR195009,-,2.8.1.1,3.0,0.0,0.60186,0.776074,1,0.688965,46.7,28.3,15.2,27.2,12082.47,4.2901,42.593,Nc1ncnc2c1ncn2[C@@H]1O[C@H](COP(=O)([O-])OS(=O)(=O)[O-])[C@@H](O)[C@H]1O.O[C@@H](CS)[C@@H](O)CS>>Nc1ncnc2c1ncn2[C@@H]1O[C@H](COP(=O)([O-])[O-])[C@@H](O)[C@H]1O.O=S([O-])[O-].O[C@H]1CSSC[C@@H]1O,O=S([O-])[O-].[*]S[*].O[C@H]1CSSC[C@@H]1O>>O=S(=O)([O-])S.O[C@@H](CS)[C@@H](O)CS
20,66.117000,A0R0W2,Adenosine 5'-phosphosulfate reductase,Mycolicibacterium smegmatis (strain ATCC 700084 / mc(2)155) OX=246196,16.0,MNXR152999,MNXR153000_0.6260772499802167_0.9999999999999999|MNXR153001_0.6260772499802167_0.9999999999999999|MNXR153002_0.6260772499802167_0.9999999999999999|MNXR176244_0.6260772499802167_0.9999999999999999,1.8.4.10,1.0,0.0,0.64434,1.000000,1,0.822170,35.9,27.7,23.2,20.5,25691.94,4.4663,42.373,Nc1ncnc2c1ncn2[C@@H]1O[C@H](COP(=O)([O-])OS(=O)(=O)[O-])[C@@H](O)[C@H]1O.O[C@@H](CS)[C@@H](O)CS>>Nc1ncnc2c1ncn2[C@@H]1O[C@H](COP(=O)([O-])[O-])[C@@H](O)[C@H]1O.O=S([O-])[O-].O[C@H]1CSSC[C@@H]1O,O=S([O-])[O-].Nc1ncnc2c1ncn2[C@@H]1O[C@H](COP(=O)([O-])[O-])[C@@H](O)[C@H]1O.[*]N[C@@H](CSSC[C@H](N[*])C([*])=O)C([*])=O>>[*]N[C@@H](CS)C(=O)N[C@@H]([*])C(=O)N[C@@H]([*])C(=O)N[C@@H](CS)C([*])=O.Nc1ncnc2c1ncn2[C@@H]1O[C@H](COP(=O)([O-])OS(=O)(=O)[O-])[C@@H](O)[C@H]1O
21,65.917000,B1HXC6,Adenosine 5'-phosphosulfate reductase,Lysinibacillus sphaericus (strain C3-41) OX=444177,16.0,MNXR152999,MNXR153000_0.6260772499802167_0.9999999999999999|MNXR153001_0.6260772499802167_0.9999999999999999|MNXR153002_0.6260772499802167_0.9999999999999999|MNXR176244_0.6260772499802167_0.9999999999999999,1.8.4.10,3.0,0.0,0.64434,1.000000,1,0.822170,33.2,19.8,38.2,16.1,27128.93,8.0548,49.785,Nc1ncnc2c1ncn2[C@@H]1O[C@H](COP(=O)([O-])OS(=O)(=O)[O-])[C@@H](O)[C@H]1O.O[C@@H](CS)[C@@H](O)CS>>Nc1ncnc2c1ncn2[C@@H]1O[C@H](COP(=O)([O-])[O-])[C@@H](O)[C@H]1O.O=S([O-])[O-].O[C@H]1CSSC[C@@H]1O,O=S([O-])[O-].Nc1ncnc2c1ncn2[C@@H]1O[C@H](COP(=O)([O-])[O-])[C@@H](O)[C@H]1O.[*]N[C@@H](CSSC[C@H](N[*])C([*])=O)C([*])=O>>[*]N[C@@H](CS)C(=O)N[C@@H]([*])C(=O)N[C@@H]([*])C(=O)N[C@@H](CS)C([*])=O.Nc1ncnc2c1ncn2[C@@H]1O[C@H](COP(=O)([O-])OS(=O)(=O)[O-])[C@@H](O)[C@H]1O
22,65.917000,Q8CMX3,Adenosine 5'-phosphosulfate reductase,Staphylococcus epidermidis (strain ATCC 12228 / FDA PCI 1200) OX=176280,16.0,MNXR152999,MNXR153000_0.6260772499802167_0.9999999999999999|MNXR153001_0.6260772499802167_0.9999999999999999|MNXR153002_0.6260772499802167_0.9999999999999999|MNXR176244_0.6260772499802167_0.9999999999999999,1.8.4.10,3.0,0.0,0.64434,1.000000,1,0.822170,37.4,18.5,31.3,19.8,28337.95,4.7404,51.029,Nc1ncnc2c1ncn2[C@@H]1O[C@H](COP(=O)([O-])OS(=O)(=O)[O-])[C@@H](O)[C@H]1O.O[C@@H](CS)[C@@H](O)CS>>Nc1ncnc2c1ncn2[C@@H]1O[C@H](COP(=O)([O-])[O-])[C@@H](O)[C@H]1O.O=S([O-])[O-].O[C@H]1CSSC[C@@H]1O,O=S([O-])[O-].Nc1ncnc2c1ncn2[C@@H]1O[C@H](COP(=O)([O-])[O-])[C@@H](O)[C@H]1O.[*]N[C@@H](CSSC[C@H](N[*])C([*])=O)C([*])=O>>[*]N[C@@H](CS)C(=O)N[C@@H]([*])C(=O)N[C@@H]([*])C(=O)N[C@@H](CS)C([*])=O.Nc1ncnc2c1ncn2[C@@H]1O[C@H](COP(=O)([O-])OS(=O)(=O)[O-])[C@@H](O)[C@H]1O
23,65.917000,C5D5A7,Adenosine 5'-phosphosulfate reductase,Geobacillus sp. (strain WCH70) OX=471223,16.0,MNXR152999,MNXR153000_0.6260772499802167_0.9999999999999999|MNXR153001_0.6260772499802167_0.9999999999999999|MNXR153002_0.6260772499802167_0.9999999999999999|MNXR176244_0.6260772499802167_0.9999999999999999,1.8.4.10,3.0,0.0,0.64434,1.000000,1,0.822170,33.8,21.9,30.1,21.5,27291.30,7.8045,48.511,Nc1ncnc2c1ncn2[C@@H]1O[C@H](COP(=O)([O-])OS(=O)(=O)[O-])[C@@H](O)[C@H]1O.O[C@@H](CS)[C@@H](O)CS>>Nc1ncnc2c1ncn2[C@@H]1O[C@H](COP(=O)([O-])[O-])[C@@H](O)[C@H]1O.O=S([O-])[O-].O[C@H]1CSSC[C@@H]1O,O=S([O-])[O-].Nc1ncnc2c1ncn2[C@@H]1O[C@H](COP(=O)([O-])[O-])[C@@H](O)[C@H]1O.[*]N[C@@H](CSSC[C@H](N[*])C([*])=O)C([*])=O>>[*]N[C@@H](CS)C(=O)N[C@@H]([*])C(=O)N[C@@H]([*])C(=O)N[C@@H](CS)C([*])=O.Nc1ncnc2c1ncn2[C@@H]1O[C@H](COP(=O)([O-])OS(=O)(=O)[O-])[C@@H](O)[C@H]1O
24,65.917000,B1MN34,Adenosine 5'-phosphosulfate reductase,Mycobacteroides abscessus (strain ATCC 19977 / DSM 44196 / CCUG 20993 / CIP 104536 / JCM 13569 / NCTC 13031 / TMC 1543 / L948) OX=561007,16.0,MNXR152999,MNXR153000_0.6260772499802167_0.9999999999999999|MNXR153001_0.6260772499802167_0.9999999999999999|MNXR153002_0.6260772499802167_0.9999999999999999|MNXR176244_0.6260772499802167_0.9999999999999999,1.8.4.10,3.0,0.0,0.64434,1.000000,1,0.822170,48.4,25.3,15.4,18.1,25622.78,4.4149,43.038,Nc1ncnc2c1ncn2[C@@H]1O[C@H](COP(=O)([O-])OS(=O)(=O)[O-])[C@@H](O)[C@H]1O.O[C@@H](CS)[C@@H](O)CS>>Nc1ncnc2c1ncn2[C@@H]1O[C@H](COP(=O)([O-])[O-])[C@@H](O)[C@H]1O.O=S([O-])[O-].O[C@H]1CSSC[C@@H]1O,O=S([O-])[O-].Nc1ncnc2c1ncn2[C@@H]1O[C@H](COP(=O)([O-])[O-])[C@@H](O)[C@H]1O.[*]N[C@@H](CSSC[C@H](N[*])C([*])=O)C([*])=O>>[*]N[C@@H](CS)C(=O)N[C@@H]([*])C(=O)N[C@@H]([*])C(=O)N[C@@H](CS)C([*])=O.Nc1ncnc2c1ncn2[C@@H]1O[C@H](COP(=O)([O-])OS(=O)(=O)[O-])[C@@H](O)[C@H]1O
25,65.917000,A8FD22,Adenosine 5'-phosphosulfate reductase,Bacillus pumilus (strain SAFR-032) OX=315750,16.0,MNXR152999,MNXR153000_0.6260772499802167_0.9999999999999999|MNXR153001_0.6260772499802167_0.9999999999999999|MNXR153002_0.6260772499802167_0.9999999999999999|MNXR176244_0.6260772499802167_0.9999999999999999,1.8.4.10,3.0,0.0,0.64434,1.000000,1,0.822170,25.3,22.1,38.7,21.2,26719.31,6.1588,47.210,Nc1ncnc2c1ncn2[C@@H]1O[C@H](COP(=O)([O-])OS(=O)(=O)[O-])[C@@H](O)[C@H]1O.O[C@@H](CS)[C@@H](O)CS>>Nc1ncnc2c1ncn2[C@@H]1O[C@H](COP(=O)([O-])[O-])[C@@H](O)[C@H]1O.O=S([O-])[O-].O[C@H]1CSSC[C@@H]1O,O=S([O-])[O-].Nc1ncnc2c1ncn2[C@@H]1O[C@H](COP(=O)([O-])[O-])[C@@H](O)[C@H]1O.[*]N[C@@H](CSSC[C@H](N[*])C([*])=O)C([*])=O>>[*]N[C@@H](CS)C(=O)N[C@@H]([*])C(=O)N[C@@H]([*])C(=O)N[C@@H](CS)C([*])=O.Nc1ncnc2c1ncn2[C@@H]1O[C@H](COP(=O)([O-])OS(=O)(=O)[O-])[C@@H](O)[C@H]1O
26,65.917000,Q9KCT3,Adenosine 5'-phosphosulfate reductase,Halalkalibacterium halodurans (strain ATCC BAA-125 / DSM 18197 / FERM 7344 / JCM 9153 / C-125) OX=272558,16.0,MNXR152999,MNXR153000_0.6260772499802167_0.9999999999999999|MNXR153001_0.6260772499802167_0.9999999999999999|MNXR153002_0.6260772499802167_0.9999999999999999|MNXR176244_0.6260772499802167_0.9999999999999999,1.8.4.10,3.0,0.0,0.64434,1.000000,1,0.822170,44.2,14.4,28.8,20.0,27155.82,5.0824,51.515,Nc1ncnc2c1ncn2[C@@H]1O[C@H](COP(=O)([O-])OS(=O)(=O)[O-])[C@@H](O)[C@H]1O.O[C@@H](CS)[C@@H](O)CS>>Nc1ncnc2c1ncn2[C@@H]1O[C@H](COP(=O)([O-])[O-])[C@@H](O)[C@H]1O.O=S([O-])[O-].O[C@H]1CSSC[C@@H]1O,O=S([O-])[O-].Nc1ncnc2c1ncn2[C@@H]1O[C@H](COP(=O)([O-])[O-])[C@@H](O)[C@H]1O.[*]N[C@@H](CSSC[C@H](N[*])C([*])=O)C([*])=O>>[*]N[C@@H](CS)C(=O)N[C@@H]([*])C(=O)N[C@@H]([*])C(=O)N[C@@H](CS)C([*])=O.Nc1ncnc2c1ncn2[C@@H]1O[C@H](COP(=O)([O-])OS(=O)(=O)[O-])[C@@H](O)[C@H]1O
27,65.917000,C1AUL1,Adenosine 5'-phosphosulfate reductase,Rhodococcus opacus (strain B4) OX=632772,16.0,MNXR152999,MNXR153000_0.6260772499802167_0.9999999999999999|MNXR153001_0.6260772499802167_0.9999999999999999|MNXR153002_0.6260772499802167_0.9999999999999999|MNXR176244_0.6260772499802167_0.9999999999999999,1.8.4.10,3.0,0.0,0.64434,1.000000,1,0.822170,43.7,25.1,17.7,20.3,26281.37,4.6699,42.915,Nc1ncnc2c1ncn2[C@@H]1O[C@H](COP(=O)([O-])OS(=O)(=O)[O-])[C@@H](O)[C@H]1O.O[C@@H](CS)[C@@H](O)CS>>Nc1ncnc2c1ncn2[C@@H]1O[C@H](COP(=O)([O-])[O-])[C@@H](O)[C@H]1O.O=S([O-])[O-].O[C@H]1CSSC[C@@H]1O,O=S([O-])[O-].Nc1ncnc2c1ncn2[C@@H]1O[C@H](COP(=O)([O-])[O-])[C@@H](O)[C@H]1O.[*]N[C@@H](CSSC[C@H](N[*])C([*])=O)C([*])=O>>[*]N[C@@H](CS)C(=O)N[C@@H]([*])C(=O)N[C@@H]([*])C(=O)N[C@@H](CS)C([*])=O.Nc1ncnc2c1ncn2[C@@H]1O[C@H](COP(=O)([O-])OS(=O)(=O)[O-])[C@@H](O)[C@H]1O
28,65.917000,Q5WKF5,Adenosine 5'-phosphosulfate reductase,Alkalihalobacillus clausii (strain KSM-K16) OX=66692,16.0,MNXR152999,MNXR153000_0.6260772499802167_0.9999999999999999|MNXR153001_0.6260772499802167_0.9999999999999999|MNXR153002_0.6260772499802167_0.9999999999999999|MNXR176244_0.6260772499802167_0.9999999999999999,1.8.4.10,3.0,0.0,0.64434,1.000000,1,0.822170,48.9,15.6,22.7,20.0,28151.04,5.9241,48.963,Nc1ncnc2c1ncn2[C@@H]1O[C@H](COP(=O)([O-])OS(=O)(=O)[O-])[C@@H](O)[C@H]1O.O[C@@H](CS)[C@@H](O)CS>>Nc1ncnc2c1ncn2[C@@H]1O[C@H](COP(=O)([O-])[O-])[C@@H](O)[C@H]1O.O=S([O-])[O-].O[C@H]1CSSC[C@@H]1O,O=S([O-])[O-].Nc1ncnc2c1ncn2[C@@H]1O[C@H](COP(=O)([O-])[O-])[C@@H](O)[C@H]1O.[*]N[C@@H](CSSC[C@H](N[*])C([*])=O)C([*])=O>>[*]N[C@@H](CS)C(=O)N[C@@H]([*])C(=O)N[C@@H]([*])C(=O)N[C@@H](CS)C([*])=O.Nc1ncnc2c1ncn2[C@@H]1O[C@H](COP(=O)([O-])OS(=O)(=O)[O-])[C@@H](O)[C@H]1O
29,65.917000,Q5HKZ5,Adenosine 5'-phosphosulfate reductase,Staphylococcus epidermidis (strain ATCC 35984 / RP62A) OX=176279,16.0,MNXR152999,MNXR153000_0.6260772499802167_0.9999999999999999|MNXR153001_0.6260772499802167_0.9999999999999999|MNXR153002_0.6260772499802167_0.9999999999999999|MNXR176244_0.6260772499802167_0.9999999999999999,1.8.4.10,3.0,0.0,0.64434,1.000000,1,0.822170,34.8,19.4,32.6,20.3,28367.98,4.7404,51.440,Nc1ncnc2c1ncn2[C@@H]1O[C@H](COP(=O)([O-])OS(=O)(=O)[O-])[C@@H](O)[C@H]1O.O[C@@H](CS)[C@@H](O)CS>>Nc1ncnc2c1ncn2[C@@H]1O[C@H](COP(=O)([O-])[O-])[C@@H](O)[C@H]1O.O=S([O-])[O-].O[C@H]1CSSC[C@@H]1O,O=S([O-])[O-].Nc1ncnc2c1ncn2[C@@H]1O[C@H](COP(=O)([O-])[O-])[C@@H](O)[C@H]1O.[*]N[C@@H](CSSC[C@H](N[*])C([*])=O)C([*])=O>>[*]N[C@@H](CS)C(=O)N[C@@H]([*])C(=O)N[C@@H]([*])C(=O)N[C@@H](CS)C([*])=O.Nc1ncnc2c1ncn2[C@@H]1O[C@H](COP(=O)([O-])OS(=O)(=O)[O-])[C@@H](O)[C@H]1O
30,65.917000,Q4L9F3,Adenosine 5'-phosphosulfate reductase,Staphylococcus haemolyticus (strain JCSC1435) OX=279808,16.0,MNXR152999,MNXR153000_0.6260772499802167_0.9999999999999999|MNXR153001_0.6260772499802167_0.9999999999999999|MNXR153002_0.6260772499802167_0.9999999999999999|MNXR176244_0.6260772499802167_0.9999999999999999,1.8.4.10,3.0,0.0,0.64434,1.000000,1,0.822170,37.0,22.5,27.3,20.3,28092.67,4.6651,48.148,Nc1ncnc2c1ncn2[C@@H]1O[C@H](COP(=O)([O-])OS(=O)(=O)[O-])[C@@H](O)[C@H]1O.O[C@@H](CS)[C@@H](O)CS>>Nc1ncnc2c1ncn2[C@@H]1O[C@H](COP(=O)([O-])[O-])[C@@H](O)[C@H]1O.O=S([O-])[O-].O[C@H]1CSSC[C@@H]1O,O=S([O-])[O-].Nc1ncnc2c1ncn2[C@@H]1O[C@H](COP(=O)([O-])[O-])[C@@H](O)[C@H]1O.[*]N[C@@H](CSSC[C@H](N[*])C([*])=O)C([*])=O>>[*]N[C@@H](CS)C(=O)N[C@@H]([*])C(=O)N[C@@H]([*])C(=O)N[C@@H](CS)C([*])=O.Nc1ncnc2c1ncn2[C@@H]1O[C@H](COP(=O)([O-])OS(=O)(=O)[O-])[C@@H](O)[C@H]1O
31,65.917000,Q81T49,Adenosine 5'-phosphosulfate reductase,Bacillus anthracis OX=1392,16.0,MNXR152999,MNXR153000_0.6260772499802167_0.9999999999999999|MNXR153001_0.6260772499802167_0.9999999999999999|MNXR153002_0.6260772499802167_0.9999999999999999|MNXR176244_0.6260772499802167_0.9999999999999999,1.8.4.10,3.0,0.0,0.64434,1.000000,1,0.822170,34.3,18.1,36.7,18.6,26393.14,7.1893,50.442,Nc1ncnc2c1ncn2[C@@H]1O[C@H](COP(=O)([O-])OS(=O)(=O)[O-])[C@@H](O)[C@H]1O.O[C@@H](CS)[C@@H](O)CS>>Nc1ncnc2c1ncn2[C@@H]1O[C@H](COP(=O)([O-])[O-])[C@@H](O)[C@H]1O.O=S([O-])[O-].O[C@H]1CSSC[C@@H]1O,O=S([O-])[O-].Nc1ncnc2c1ncn2[C@@H]1O[C@H](COP(=O)([O-])[O-])[C@@H](O)[C@H]1O.[*]N[C@@H](CSSC[C@H](N[*])C([*])=O)C([*])=O>>[*]N[C@@H](CS)C(=O)N[C@@H]([*])C(=O)N[C@@H]([*])C(=O)N[C@@H](CS)C([*])=O.Nc1ncnc2c1ncn2[C@@H]1O[C@H](COP(=O)([O-])OS(=O)(=O)[O-])[C@@H](O)[C@H]1O
32,65.917000,B7GG21,Adenosine 5'-phosphosulfate reductase,Anoxybacillus flavithermus (strain DSM 21510 / WK1) OX=491915,16.0,MNXR152999,MNXR153000_0.6260772499802167_0.9999999999999999|MNXR153001_0.6260772499802167_0.9999999999999999|MNXR153002_0.6260772499802167_0.9999999999999999|MNXR176244_0.6260772499802167_0.9999999999999999,1.8.4.10,3.0,0.0,0.64434,1.000000,1,0.822170,34.2,21.5,31.5,20.1,27409.18,6.7306,48.511,Nc1ncnc2c1ncn2[C@@H]1O[C@H](COP(=O)([O-])OS(=O)(=O)[O-])[C@@H](O)[C@H]1O.O[C@@H](CS)[C@@H](O)CS>>Nc1ncnc2c1ncn2[C@@H]1O[C@H](COP(=O)([O-])[O-])[C@@H](O)[C@H]1O.O=S([O-])[O-].O[C@H]1CSSC[C@@H]1O,O=S([O-])[O-].Nc1ncnc2c1ncn2[C@@H]1O[C@H](COP(=O)([O-])[O-])[C@@H](O)[C@H]1O.[*]N[C@@H](CSSC[C@H](N[*])C([*])=O)C([*])=O>>[*]N[C@@H](CS)C(=O)N[C@@H]([*])C(=O)N[C@@H]([*])C(=O)N[C@@H](CS)C([*])=O.Nc1ncnc2c1ncn2[C@@H]1O[C@H](COP(=O)([O-])OS(=O)(=O)[O-])[C@@H](O)[C@H]1O
33,65.917000,A4IKB7,Adenosine 5'-phosphosulfate reductase,Geobacillus thermodenitrificans (strain NG80-2) OX=420246,16.0,MNXR152999,MNXR153000_0.6260772499802167_0.9999999999999999|MNXR153001_0.6260772499802167_0.9999999999999999|MNXR153002_0.6260772499802167_0.9999999999999999|MNXR176244_0.6260772499802167_0.9999999999999999,1.8.4.10,3.0,0.0,0.64434,1.000000,1,0.822170,26.5,29.2,32.4,19.2,27073.90,6.3940,45.957,Nc1ncnc2c1ncn2[C@@H]1O[C@H](COP(=O)([O-])OS(=O)(=O)[O-])[C@@H](O)[C@H]1O.O[C@@H](CS)[C@@H](O)CS>>Nc1ncnc2c1ncn2[C@@H]1O[C@H](COP(=O)([O-])[O-])[C@@H](O)[C@H]1O.O=S([O-])[O-].O[C@H]1CSSC[C@@H]1O,O=S([O-])[O-].Nc1ncnc2c1ncn2[C@@H]1O[C@H](COP(=O)([O-])[O-])[C@@H](O)[C@H]1O.[*]N[C@@H](CSSC[C@H](N[*])C([*])=O)C([*])=O>>[*]N[C@@H](CS)C(=O)N[C@@H]([*])C(=O)N[C@@H]([*])C(=O)N[C@@H](CS)C([*])=O.Nc1ncnc2c1ncn2[C@@H]1O[C@H](COP(=O)([O-])OS(=O)(=O)[O-])[C@@H](O)[C@H]1O
34,65.917000,P56860,Adenosine 5'-phosphosulfate reductase,Deinococcus radiodurans (strain ATCC 13939 / DSM 20539 / JCM 16871 / LMG 4051 / NBRC 15346 / NCIMB 9279 / R1 / VKM B-1422) OX=243230,16.0,MNXR152999,MNXR153000_0.6260772499802167_0.9999999999999999|MNXR153001_0.6260772499802167_0.9999999999999999|MNXR153002_0.6260772499802167_0.9999999999999999|MNXR176244_0.6260772499802167_0.9999999999999999,1.8.4.10,3.0,0.0,0.64434,1.000000,1,0.822170,27.6,16.7,25.5,36.8,27751.05,5.0154,41.961,Nc1ncnc2c1ncn2[C@@H]1O[C@H](COP(=O)([O-])OS(=O)(=O)[O-])[C@@H](O)[C@H]1O.O[C@@H](CS)[C@@H](O)CS>>Nc1ncnc2c1ncn2[C@@H]1O[C@H](COP(=O)([O-])[O-])[C@@H](O)[C@H]1O.O=S([O-])[O-].O[C@H]1CSSC[C@@H]1O,O=S([O-])[O-].Nc1ncnc2c1ncn2[C@@H]1O[C@H](COP(=O)([O-])[O-])[C@@H](O)[C@H]1O.[*]N[C@@H](CSSC[C@H](N[*])C([*])=O)C([*])=O>>[*]N[C@@H](CS)C(=O)N[C@@H]([*])C(=O)N[C@@H]([*])C(=O)N[C@@H](CS)C([*])=O.Nc1ncnc2c1ncn2[C@@H]1O[C@H](COP(=O)([O-])OS(=O)(=O)[O-])[C@@H](O)[C@H]1O
35,65.917000,Q8EQP2,Adenosine 5'-phosphosulfate reductase,Oceanobacillus iheyensis (strain DSM 14371 / CIP 107618 / JCM 11309 / KCTC 3954 / HTE831) OX=221109,16.0,MNXR152999,MNXR153000_0.6260772499802167_0.9999999999999999|MNXR153001_0.6260772499802167_0.9999999999999999|MNXR153002_0.6260772499802167_0.9999999999999999|MNXR176244_0.6260772499802167_0.9999999999999999,1.8.4.10,3.0,0.0,0.64434,1.000000,1,0.822170,25.0,24.6,35.7,21.9,27406.70,4.7844,50.000,Nc1ncnc2c1ncn2[C@@H]1O[C@H](COP(=O)([O-])OS(=O)(=O)[O-])[C@@H](O)[C@H]1O.O[C@@H](CS)[C@@H](O)CS>>Nc1ncnc2c1ncn2[C@@H]1O[C@H](COP(=O)([O-])[O-])[C@@H](O)[C@H]1O.O=S([O-])[O-].O[C@H]1CSSC[C@@H]1O,O=S([O-])[O-].Nc1ncnc2c1ncn2[C@@H]1O[C@H](COP(=O)([O-])[O-])[C@@H](O)[C@H]1O.[*]N[C@@H](CSSC[C@H](N[*])C([*])=O)C([*])=O>>[*]N[C@@H](CS)C(=O)N[C@@H]([*])C(=O)N[C@@H]([*])C(=O)N[C@@H](CS)C([*])=O.Nc1ncnc2c1ncn2[C@@H]1O[C@H](COP(=O)([O-])OS(=O)(=O)[O-])[C@@H](O)[C@H]1O
36,65.917000,Q49UL7,Adenosine 5'-phosphosulfate reductase,Staphylococcus saprophyticus subsp. saprophyticus (strain ATCC 15305 / DSM 20229 / NCIMB 8711 / NCTC 7292 / S-41) OX=342451,16.0,MNXR152999,MNXR153000_0.6260772499802167_0.9999999999999999|MNXR153001_0.6260772499802167_0.9999999999999999|MNXR153002_0.6260772499802167_0.9999999999999999|MNXR176244_0.6260772499802167_0.9999999999999999,1.8.4.10,3.0,0.0,0.64434,1.000000,1,0.822170,43.4,16.8,27.9,19.0,27742.20,5.0260,50.826,Nc1ncnc2c1ncn2[C@@H]1O[C@H](COP(=O)([O-])OS(=O)(=O)[O-])[C@@H](O)[C@H]1O.O[C@@H](CS)[C@@H](O)CS>>Nc1ncnc2c1ncn2[C@@H]1O[C@H](COP(=O)([O-])[O-])[C@@H](O)[C@H]1O.O=S([O-])[O-].O[C@H]1CSSC[C@@H]1O,O=S([O-])[O-].Nc1ncnc2c1ncn2[C@@H]1O[C@H](COP(=O)([O-])[O-])[C@@H](O)[C@H]1O.[*]N[C@@H](CSSC[C@H](N[*])C([*])=O)C([*])=O>>[*]N[C@@H](CS)C(=O)N[C@@H]([*])C(=O)N[C@@H]([*])C(=O)N[C@@H](CS)C([*])=O.Nc1ncnc2c1ncn2[C@@H]1O[C@H](COP(=O)([O-])OS(=O)(=O)[O-])[C@@H](O)[C@H]1O
37,65.596684,Q8X6Z5,Thiosulfate sulfurtransferase GlpE,Escherichia coli O157:H7 OX=83334,3.0,MNXR195009,-,2.8.1.1,3.0,0.0,0.60186,0.776074,1,0.688965,45.7,28.3,16.3,27.2,12081.48,4.3905,42.593,Nc1ncnc2c1ncn2[C@@H]1O[C@H](COP(=O)([O-])OS(=O)(=O)[O-])[C@@H](O)[C@H]1O.O[C@@H](CS)[C@@H](O)CS>>Nc1ncnc2c1ncn2[C@@H]1O[C@H](COP(=O)([O-])[O-])[C@@H](O)[C@H]1O.O=S([O-])[O-].O[C@H]1CSSC[C@@H]1O,O=S([O-])[O-].[*]S[*].O[C@H]1CSSC[C@@H]1O>>O=S(=O)([O-])S.O[C@@H](CS)[C@@H](O)CS
38,65.596684,B7M2I5,Thiosulfate sulfurtransferase GlpE,Escherichia coli O8 (strain IAI1) OX=585034,3.0,MNXR195009,-,2.8.1.1,3.0,0.0,0.60186,0.776074,1,0.688965,46.7,28.3,15.2,27.2,12067.49,4.2901,41.667,Nc1ncnc2c1ncn2[C@@H]1O[C@H](COP(=O)([O-])OS(=O)(=O)[O-])[C@@H](O)[C@H]1O.O[C@@H](CS)[C@@H](O)CS>>Nc1ncnc2c1ncn2[C@@H]1O[C@H](COP(=O)([O-])[O-])[C@@H](O)[C@H]1O.O=S([O-])[O-].O[C@H]1CSSC[C@@H]1O,O=S([O-])[O-].[*]S[*].O[C@H]1CSSC[C@@H]1O>>O=S(=O)([O-])S.O[C@@H](CS)[C@@H](O)CS
39,65.596684,B7NMI9,Thiosulfate sulfurtransferase GlpE,Escherichia coli O7:K1 (strain IAI39 / ExPEC) OX=585057,3.0,MNXR195009,-,2.8.1.1,3.0,0.0,0.60186,0.776074,1,0.688965,47.8,28.3,15.2,26.1,12054.41,4.2901,42.593,Nc1ncnc2c1ncn2[C@@H]1O[C@H](COP(=O)([O-])OS(=O)(=O)[O-])[C@@H](O)[C@H]1O.O[C@@H](CS)[C@@H](O)CS>>Nc1ncnc2c1ncn2[C@@H]1O[C@H](COP(=O)([O-])[O-])[C@@H](O)[C@H]1O.O=S([O-])[O-].O[C@H]1CSSC[C@@H]1O,O=S([O-])[O-].[*]S[*].O[C@H]1CSSC[C@@H]1O>>O=S(=O)([O-])S.O[C@@H](CS)[C@@H](O)CS
40,65.596684,B7NE29,Thiosulfate sulfurtransferase GlpE,Escherichia coli O17:K52:H18 (strain UMN026 / ExPEC) OX=585056,3.0,MNXR195009,-,2.8.1.1,3.0,0.0,0.60186,0.776074,1,0.688965,46.7,28.3,15.2,27.2,12082.47,4.2901,42.593,Nc1ncnc2c1ncn2[C@@H]1O[C@H](COP(=O)([O-])OS(=O)(=O)[O-])[C@@H](O)[C@H]1O.O[C@@H](CS)[C@@H](O)CS>>Nc1ncnc2c1ncn2[C@@H]1O[C@H](COP(=O)([O-])[O-])[C@@H](O)[C@H]1O.O=S([O-])[O-].O[C@H]1CSSC[C@@H]1O,O=S([O-])[O-].[*]S[*].O[C@H]1CSSC[C@@H]1O>>O=S(=O)([O-])S.O[C@@H](CS)[C@@H](O)CS
41,65.596684,A8A5N3,Thiosulfate sulfurtransferase GlpE,Escherichia coli O9:H4 (strain HS) OX=331112,3.0,MNXR195009,-,2.8.1.1,3.0,0.0,0.60186,0.776074,1,0.688965,46.7,28.3,15.2,27.2,12082.47,4.2901,42.593,Nc1ncnc2c1ncn2[C@@H]1O[C@H](COP(=O)([O-])OS(=O)(=O)[O-])[C@@H](O)[C@H]1O.O[C@@H](CS)[C@@H](O)CS>>Nc1ncnc2c1ncn2[C@@H]1O[C@H](COP(=O)([O-])[O-])[C@@H](O)[C@H]1O.O=S([O-])[O-].O[C@H]1CSSC[C@@H]1O,O=S([O-])[O-].[*]S[*].O[C@H]1CSSC[C@@H]1O>>O=S(=O)([O-])S.O[C@@H](CS)[C@@H](O)CS
42,65.596684,B6I2Y8,Thiosulfate sulfurtransferase GlpE,Escherichia coli (strain SE11) OX=409438,3.0,MNXR195009,-,2.8.1.1,3.0,0.0,0.60186,0.776074,1,0.688965,46.7,28.3,15.2,27.2,12082.47,4.2901,42.593,Nc1ncnc2c1ncn2[C@@H]1O[C@H](COP(=O)([O-])OS(=O)(=O)[O-])[C@@H](O)[C@H]1O.O[C@@H](CS)[C@@H](O)CS>>Nc1ncnc2c1ncn2[C@@H]1O[C@H](COP(=O)([O-])[O-])[C@@H](O)[C@H]1O.O=S([O-])[O-].O[C@H]1CSSC[C@@H]1O,O=S([O-])[O-].[*]S[*].O[C@H]1CSSC[C@@H]1O>>O=S(=O)([O-])S.O[C@@H](CS)[C@@H](O)CS
43,65.117000,P9WIK3,Adenosine 5'-phosphosulfate reductase,Mycobacterium tuberculosis (strain ATCC 25618 / H37Rv) OX=83332,17.0,MNXR152999,MNXR153000_0.6260772499802167_0.9999999999999999|MNXR153001_0.6260772499802167_0.9999999999999999|MNXR153002_0.6260772499802167_0.9999999999999999|MNXR176244_0.6260772499802167_0.9999999999999999,1.8.4.10,1.0,0.0,0.64434,1.000000,1,0.822170,31.9,27.7,21.0,26.1,27422.94,4.9994,42.520,Nc1ncnc2c1ncn2[C@@H]1O[C@H](COP(=O)([O-])OS(=O)(=O)[O-])[C@@H](O)[C@H]1O.O[C@@H](CS)[C@@H](O)CS>>Nc1ncnc2c1ncn2[C@@H]1O[C@H](COP(=O)([O-])[O-])[C@@H](O)[C@H]1O.O=S([O-])[O-].O[C@H]1CSSC[C@@H]1O,O=S([O-])[O-].Nc1ncnc2c1ncn2[C@@H]1O[C@H](COP(=O)([O-])[O-])[C@@H](O)[C@H]1O.[*]N[C@@H](CSSC[C@H](N[*])C([*])=O)C([*])=O>>[*]N[C@@H](CS)C(=O)N[C@@H]([*])C(=O)N[C@@H]([*])C(=O)N[C@@H](CS)C([*])=O.Nc1ncnc2c1ncn2[C@@H]1O[C@H](COP(=O)([O-])OS(=O)(=O)[O-])[C@@H](O)[C@H]1O
44,64.917000,B7JG06,Adenosine 5'-phosphosulfate reductase,Bacillus cereus (strain AH820) OX=405535,17.0,MNXR152999,MNXR153000_0.6260772499802167_0.9999999999999999|MNXR153001_0.6260772499802167_0.9999999999999999|MNXR153002_0.6260772499802167_0.9999999999999999|MNXR176244_0.6260772499802167_0.9999999999999999,1.8.4.10,3.0,0.0,0.64434,1.000000,1,0.822170,36.2,17.4,34.9,18.8,27333.16,6.9885,50.855,Nc1ncnc2c1ncn2[C@@H]1O[C@H](COP(=O)([O-])OS(=O)(=O)[O-])[C@@H](O)[C@H]1O.O[C@@H](CS)[C@@H](O)CS>>Nc1ncnc2c1ncn2[C@@H]1O[C@H](COP(=O)([O-])[O-])[C@@H](O)[C@H]1O.O=S([O-])[O-].O[C@H]1CSSC[C@@H]1O,O=S([O-])[O-].Nc1ncnc2c1ncn2[C@@H]1O[C@H](COP(=O)([O-])[O-])[C@@H](O)[C@H]1O.[*]N[C@@H](CSSC[C@H](N[*])C([*])=O)C([*])=O>>[*]N[C@@H](CS)C(=O)N[C@@H]([*])C(=O)N[C@@H]([*])C(=O)N[C@@H](CS)C([*])=O.Nc1ncnc2c1ncn2[C@@H]1O[C@H](COP(=O)([O-])OS(=O)(=O)[O-])[C@@H](O)[C@H]1O
45,64.917000,C3L9N6,Adenosine 5'-phosphosulfate reductase,Bacillus anthracis (strain CDC 684 / NRRL 3495) OX=568206,17.0,MNXR152999,MNXR153000_0.6260772499802167_0.9999999999999999|MNXR153001_0.6260772499802167_0.9999999999999999|MNXR153002_0.6260772499802167_0.9999999999999999|MNXR176244_0.6260772499802167_0.9999999999999999,1.8.4.10,3.0,0.0,0.64434,1.000000,1,0.822170,34.3,18.1,36.7,18.6,26393.14,7.1893,50.442,Nc1ncnc2c1ncn2[C@@H]1O[C@H](COP(=O)([O-])OS(=O)(=O)[O-])[C@@H](O)[C@H]1O.O[C@@H](CS)[C@@H](O)CS>>Nc1ncnc2c1ncn2[C@@H]1O[C@H](COP(=O)([O-])[O-])[C@@H](O)[C@H]1O.O=S([O-])[O-].O[C@H]1CSSC[C@@H]1O,O=S([O-])[O-].Nc1ncnc2c1ncn2[C@@H]1O[C@H](COP(=O)([O-])[O-])[C@@H](O)[C@H]1O.[*]N[C@@H](CSSC[C@H](N[*])C([*])=O)C([*])=O>>[*]N[C@@H](CS)C(=O)N[C@@H]([*])C(=O)N[C@@H]([*])C(=O)N[C@@H](CS)C([*])=O.Nc1ncnc2c1ncn2[C@@H]1O[C@H](COP(=O)([O-])OS(=O)(=O)[O-])[C@@H](O)[C@H]1O
46,64.917000,C1A1H0,Adenosine 5'-phosphosulfate reductase,Rhodococcus erythropolis (strain PR4 / NBRC 100887) OX=234621,17.0,MNXR152999,MNXR153000_0.6260772499802167_0.9999999999999999|MNXR153001_0.6260772499802167_0.9999999999999999|MNXR153002_0.6260772499802167_0.9999999999999999|MNXR176244_0.6260772499802167_0.9999999999999999,1.8.4.10,3.0,0.0,0.64434,1.000000,1,0.822170,36.4,27.7,23.8,19.0,26318.38,4.4284,42.915,Nc1ncnc2c1ncn2[C@@H]1O[C@H](COP(=O)([O-])OS(=O)(=O)[O-])[C@@H](O)[C@H]1O.O[C@@H](CS)[C@@H](O)CS>>Nc1ncnc2c1ncn2[C@@H]1O[C@H](COP(=O)([O-])[O-])[C@@H](O)[C@H]1O.O=S([O-])[O-].O[C@H]1CSSC[C@@H]1O,O=S([O-])[O-].Nc1ncnc2c1ncn2[C@@H]1O[C@H](COP(=O)([O-])[O-])[C@@H](O)[C@H]1O.[*]N[C@@H](CSSC[C@H](N[*])C([*])=O)C([*])=O>>[*]N[C@@H](CS)C(=O)N[C@@H]([*])C(=O)N[C@@H]([*])C(=O)N[C@@H](CS)C([*])=O.Nc1ncnc2c1ncn2[C@@H]1O[C@H](COP(=O)([O-])OS(=O)(=O)[O-])[C@@H](O)[C@H]1O
47,64.917000,A0RBN2,Adenosine 5'-phosphosulfate reductase,Bacillus thuringiensis (strain Al Hakam) OX=412694,17.0,MNXR152999,MNXR153000_0.6260772499802167_0.9999999999999999|MNXR153001_0.6260772499802167_0.9999999999999999|MNXR153002_0.6260772499802167_0.9999999999999999|MNXR176244_0.6260772499802167_0.9999999999999999,1.8.4.10,3.0,0.0,0.64434,1.000000,1,0.822170,35.3,17.4,34.9,19.7,27320.07,6.5963,50.855,Nc1ncnc2c1ncn2[C@@H]1O[C@H](COP(=O)([O-])OS(=O)(=O)[O-])[C@@H](O)[C@H]1O.O[C@@H](CS)[C@@H](O)CS>>Nc1ncnc2c1ncn2[C@@H]1O[C@H](COP(=O)([O-])[O-])[C@@H](O)[C@H]1O.O=S([O-])[O-].O[C@H]1CSSC[C@@H]1O,O=S([O-])[O-].Nc1ncnc2c1ncn2[C@@H]1O[C@H](COP(=O)([O-])[O-])[C@@H](O)[C@H]1O.[*]N[C@@H](CSSC[C@H](N[*])C([*])=O)C([*])=O>>[*]N[C@@H](CS)C(=O)N[C@@H]([*])C(=O)N[C@@H]([*])C(=O)N[C@@H](CS)C([*])=O.Nc1ncnc2c1ncn2[C@@H]1O[C@H](COP(=O)([O-])OS(=O)(=O)[O-])[C@@H](O)[C@H]1O
48,64.917000,A9VLI9,Adenosine 5'-phosphosulfate reductase,Bacillus mycoides (strain KBAB4) OX=315730,17.0,MNXR152999,MNXR153000_0.6260772499802167_0.9999999999999999|MNXR153001_0.6260772499802167_0.9999999999999999|MNXR153002_0.6260772499802167_0.9999999999999999|MNXR176244_0.6260772499802167_0.9999999999999999,1.8.4.10,3.0,0.0,0.64434,1.000000,1,0.822170,37.2,19.7,29.4,21.1,27211.05,7.1898,50.000,Nc1ncnc2c1ncn2[C@@H]1O[C@H](COP(=O)([O-])OS(=O)(=O)[O-])[C@@H](O)[C@H]1O.O[C@@H](CS)[C@@H](O)CS>>Nc1ncnc2c1ncn2[C@@H]1O[C@H](COP(=O)([O-])[O-])[C@@H](O)[C@H]1O.O=S([O-])[O-].O[C@H]1CSSC[C@@H]1O,O=S([O-])[O-].Nc1ncnc2c1ncn2[C@@H]1O[C@H](COP(=O)([O-])[O-])[C@@H](O)[C@H]1O.[*]N[C@@H](CSSC[C@H](N[*])C([*])=O)C([*])=O>>[*]N[C@@H](CS)C(=O)N[C@@H]([*])C(=O)N[C@@H]([*])C(=O)N[C@@H](CS)C([*])=O.Nc1ncnc2c1ncn2[C@@H]1O[C@H](COP(=O)([O-])OS(=O)(=O)[O-])[C@@H](O)[C@H]1O
49,64.917000,Q81FZ1,Adenosine 5'-phosphosulfate reductase,Bacillus cereus (strain ATCC 14579 / DSM 31 / CCUG 7414 / JCM 2152 / NBRC 15305 / NCIMB 9373 / NCTC 2599 / NRRL B-3711) OX=226900,17.0,MNXR152999,MNXR153000_0.6260772499802167_0.9999999999999999|MNXR153001_0.6260772499802167_0.9999999999999999|MNXR153002_0.6260772499802167_0.9999999999999999|MNXR176244_0.6260772499802167_0.9999999999999999,1.8.4.10,3.0,0.0,0.64434,1.000000,1,0.822170,39.4,15.1,32.6,20.2,27342.26,6.9886,49.573,Nc1ncnc2c1ncn2[C@@H]1O[C@H](COP(=O)([O-])OS(=O)(=O)[O-])[C@@H](O)[C@H]1O.O[C@@H](CS)[C@@H](O)CS>>Nc1ncnc2c1ncn2[C@@H]1O[C@H](COP(=O)([O-])[O-])[C@@H](O)[C@H]1O.O=S([O-])[O-].O[C@H]1CSSC[C@@H]1O,O=S([O-])[O-].Nc1ncnc2c1ncn2[C@@H]1O[C@H](COP(=O)([O-])[O-])[C@@H](O)[C@H]1O.[*]N[C@@H](CSSC[C@H](N[*])C([*])=O)C([*])=O>>[*]N[C@@H](CS)C(=O)N[C@@H]([*])C(=O)N[C@@H]([*])C(=O)N[C@@H](CS)C([*])=O.Nc1ncnc2c1ncn2[C@@H]1O[C@H](COP(=O)([O-])OS(=O)(=O)[O-])[C@@H](O)[C@H]1O
50,64.917000,A5U586,Adenosine 5'-phosphosulfate reductase,Mycobacterium tuberculosis (strain ATCC 25177 / H37Ra) OX=419947,17.0,MNXR152999,MNXR153000_0.6260772499802167_0.9999999999999999|MNXR153001_0.6260772499802167_0.9999999999999999|MNXR153002_0.6260772499802167_0.9999999999999999|MNXR176244_0.6260772499802167_0.9999999999999999,1.8.4.10,3.0,0.0,0.64434,1.000000,1,0.822170,31.9,27.7,21.0,26.1,27422.94,4.9994,42.520,Nc1ncnc2c1ncn2[C@@H]1O[C@H](COP(=O)([O-])OS(=O)(=O)[O-])[C@@H](O)[C@H]1O.O[C@@H](CS)[C@@H](O)CS>>Nc1ncnc2c1ncn2[C@@H]1O[C@H](COP(=O)([O-])[O-])[C@@H](O)[C@H]1O.O=S([O-])[O-].O[C@H]1CSSC[C@@H]1O,O=S([O-])[O-].Nc1ncnc2c1ncn2[C@@H]1O[C@H](COP(=O)([O-])[O-])[C@@H](O)[C@H]1O.[*]N[C@@H](CSSC[C@H](N[*])C([*])=O)C([*])=O>>[*]N[C@@H](CS)C(=O)N[C@@H]([*])C(=O)N[C@@H]([*])C(=O)N[C@@H](CS)C([*])=O.Nc1ncnc2c1ncn2[C@@H]1O[C@H](COP(=O)([O-])OS(=O)(=O)[O-])[C@@H](O)[C@H]1O
51,64.917000,Q73B76,Adenosine 5'-phosphosulfate reductase,Bacillus cereus (strain ATCC 10987 / NRS 248) OX=222523,17.0,MNXR152999,MNXR153000_0.6260772499802167_0.9999999999999999|MNXR153001_0.6260772499802167_0.9999999999999999|MNXR153002_0.6260772499802167_0.9999999999999999|MNXR176244_0.6260772499802167_0.9999999999999999,1.8.4.10,3.0,0.0,0.64434,1.000000,1,0.822170,33.9,17.4,34.4,21.6,27305.02,6.4188,50.427,Nc1ncnc2c1ncn2[C@@H]1O[C@H](COP(=O)([O-])OS(=O)(=O)[O-])[C@@H](O)[C@H]1O.O[C@@H](CS)[C@@H](O)CS>>Nc1ncnc2c1ncn2[C@@H]1O[C@H](COP(=O)([O-])[O-])[C@@H](O)[C@H]1O.O=S([O-])[O-].O[C@H]1CSSC[C@@H]1O,O=S([O-])[O-].Nc1ncnc2c1ncn2[C@@H]1O[C@H](COP(=O)([O-])[O-])[C@@H](O)[C@H]1O.[*]N[C@@H](CSSC[C@H](N[*])C([*])=O)C([*])=O>>[*]N[C@@H](CS)C(=O)N[C@@H]([*])C(=O)N[C@@H]([*])C(=O)N[C@@H](CS)C([*])=O.Nc1ncnc2c1ncn2[C@@H]1O[C@H](COP(=O)([O-])OS(=O)(=O)[O-])[C@@H](O)[C@H]1O
52,64.917000,B7HHH6,Adenosine 5'-phosphosulfate reductase,Bacillus cereus (strain B4264) OX=405532,17.0,MNXR152999,MNXR153000_0.6260772499802167_0.9999999999999999|MNXR153001_0.6260772499802167_0.9999999999999999|MNXR153002_0.6260772499802167_0.9999999999999999|MNXR176244_0.6260772499802167_0.9999999999999999,1.8.4.10,3.0,0.0,0.64434,1.000000,1,0.822170,39.0,15.6,32.6,20.2,27314.20,6.7814,49.573,Nc1ncnc2c1ncn2[C@@H]1O[C@H](COP(=O)([O-])OS(=O)(=O)[O-])[C@@H](O)[C@H]1O.O[C@@H](CS)[C@@H](O)CS>>Nc1ncnc2c1ncn2[C@@H]1O[C@H](COP(=O)([O-])[O-])[C@@H](O)[C@H]1O.O=S([O-])[O-].O[C@H]1CSSC[C@@H]1O,O=S([O-])[O-].Nc1ncnc2c1ncn2[C@@H]1O[C@H](COP(=O)([O-])[O-])[C@@H](O)[C@H]1O.[*]N[C@@H](CSSC[C@H](N[*])C([*])=O)C([*])=O>>[*]N[C@@H](CS)C(=O)N[C@@H]([*])C(=O)N[C@@H]([*])C(=O)N[C@@H](CS)C([*])=O.Nc1ncnc2c1ncn2[C@@H]1O[C@H](COP(=O)([O-])OS(=O)(=O)[O-])[C@@H](O)[C@H]1O
53,64.917000,B7INB4,Adenosine 5'-phosphosulfate reductase,Bacillus cereus (strain G9842) OX=405531,17.0,MNXR152999,MNXR153000_0.6260772499802167_0.9999999999999999|MNXR153001_0.6260772499802167_0.9999999999999999|MNXR153002_0.6260772499802167_0.9999999999999999|MNXR176244_0.6260772499802167_0.9999999999999999,1.8.4.10,3.0,0.0,0.64434,1.000000,1,0.822170,40.8,17.0,29.8,19.7,27389.24,6.4188,49.573,Nc1ncnc2c1ncn2[C@@H]1O[C@H](COP(=O)([O-])OS(=O)(=O)[O-])[C@@H](O)[C@H]1O.O[C@@H](CS)[C@@H](O)CS>>Nc1ncnc2c1ncn2[C@@H]1O[C@H](COP(=O)([O-])[O-])[C@@H](O)[C@H]1O.O=S([O-])[O-].O[C@H]1CSSC[C@@H]1O,O=S([O-])[O-].Nc1ncnc2c1ncn2[C@@H]1O[C@H](COP(=O)([O-])[O-])[C@@H](O)[C@H]1O.[*]N[C@@H](CSSC[C@H](N[*])C([*])=O)C([*])=O>>[*]N[C@@H](CS)C(=O)N[C@@H]([*])C(=O)N[C@@H]([*])C(=O)N[C@@H](CS)C([*])=O.Nc1ncnc2c1ncn2[C@@H]1O[C@H](COP(=O)([O-])OS(=O)(=O)[O-])[C@@H](O)[C@H]1O
54,64.917000,C3P516,Adenosine 5'-phosphosulfate reductase,Bacillus anthracis (strain A0248) OX=592021,17.0,MNXR152999,MNXR153000_0.6260772499802167_0.9999999999999999|MNXR153001_0.6260772499802167_0.9999999999999999|MNXR153002_0.6260772499802167_0.9999999999999999|MNXR176244_0.6260772499802167_0.9999999999999999,1.8.4.10,3.0,0.0,0.64434,1.000000,1,0.822170,34.3,18.1,36.7,18.6,26393.14,7.1893,50.442,Nc1ncnc2c1ncn2[C@@H]1O[C@H](COP(=O)([O-])OS(=O)(=O)[O-])[C@@H](O)[C@H]1O.O[C@@H](CS)[C@@H](O)CS>>Nc1ncnc2c1ncn2[C@@H]1O[C@H](COP(=O)([O-])[O-])[C@@H](O)[C@H]1O.O=S([O-])[O-].O[C@H]1CSSC[C@@H]1O,O=S([O-])[O-].Nc1ncnc2c1ncn2[C@@H]1O[C@H](COP(=O)([O-])[O-])[C@@H](O)[C@H]1O.[*]N[C@@H](CSSC[C@H](N[*])C([*])=O)C([*])=O>>[*]N[C@@H](CS)C(=O)N[C@@H]([*])C(=O)N[C@@H]([*])C(=O)N[C@@H](CS)C([*])=O.Nc1ncnc2c1ncn2[C@@H]1O[C@H](COP(=O)([O-])OS(=O)(=O)[O-])[C@@H](O)[C@H]1O
55,64.917000,Q5L2X9,Adenosine 5'-phosphosulfate reductase,Geobacillus kaustophilus (strain HTA426) OX=235909,17.0,MNXR152999,MNXR153000_0.6260772499802167_0.9999999999999999|MNXR153001_0.6260772499802167_0.9999999999999999|MNXR153002_0.6260772499802167_0.9999999999999999|MNXR176244_0.6260772499802167_0.9999999999999999,1.8.4.10,3.0,0.0,0.64434,1.000000,1,0.822170,28.8,26.9,34.2,17.4,27144.08,7.4300,45.957,Nc1ncnc2c1ncn2[C@@H]1O[C@H](COP(=O)([O-])OS(=O)(=O)[O-])[C@@H](O)[C@H]1O.O[C@@H](CS)[C@@H](O)CS>>Nc1ncnc2c1ncn2[C@@H]1O[C@H](COP(=O)([O-])[O-])[C@@H](O)[C@H]1O.O=S([O-])[O-].O[C@H]1CSSC[C@@H]1O,O=S([O-])[O-].Nc1ncnc2c1ncn2[C@@H]1O[C@H](COP(=O)([O-])[O-])[C@@H](O)[C@H]1O.[*]N[C@@H](CSSC[C@H](N[*])C([*])=O)C([*])=O>>[*]N[C@@H](CS)C(=O)N[C@@H]([*])C(=O)N[C@@H]([*])C(=O)N[C@@H](CS)C([*])=O.Nc1ncnc2c1ncn2[C@@H]1O[C@H](COP(=O)([O-])OS(=O)(=O)[O-])[C@@H](O)[C@H]1O
56,64.917000,Q63DV9,Adenosine 5'-phosphosulfate reductase,Bacillus cereus (strain ZK / E33L) OX=288681,17.0,MNXR152999,MNXR153000_0.6260772499802167_0.9999999999999999|MNXR153001_0.6260772499802167_0.9999999999999999|MNXR153002_0.6260772499802167_0.9999999999999999|MNXR176244_0.6260772499802167_0.9999999999999999,1.8.4.10,3.0,0.0,0.64434,1.000000,1,0.822170,36.2,16.1,34.9,20.2,27259.04,6.7813,50.000,Nc1ncnc2c1ncn2[C@@H]1O[C@H](COP(=O)([O-])OS(=O)(=O)[O-])[C@@H](O)[C@H]1O.O[C@@H](CS)[C@@H](O)CS>>Nc1ncnc2c1ncn2[C@@H]1O[C@H](COP(=O)([O-])[O-])[C@@H](O)[C@H]1O.O=S([O-])[O-].O[C@H]1CSSC[C@@H]1O,O=S([O-])[O-].Nc1ncnc2c1ncn2[C@@H]1O[C@H](COP(=O)([O-])[O-])[C@@H](O)[C@H]1O.[*]N[C@@H](CSSC[C@H](N[*])C([*])=O)C([*])=O>>[*]N[C@@H](CS)C(=O)N[C@@H]([*])C(=O)N[C@@H]([*])C(=O)N[C@@H](CS)C([*])=O.Nc1ncnc2c1ncn2[C@@H]1O[C@H](COP(=O)([O-])OS(=O)(=O)[O-])[C@@H](O)[C@H]1O
57,64.917000,A7GMW0,Adenosine 5'-phosphosulfate reductase,Bacillus cytotoxicus (strain DSM 22905 / CIP 110041 / 391-98 / NVH 391-98) OX=315749,17.0,MNXR152999,MNXR153000_0.6260772499802167_0.9999999999999999|MNXR153001_0.6260772499802167_0.9999999999999999|MNXR153002_0.6260772499802167_0.9999999999999999|MNXR176244_0.6260772499802167_0.9999999999999999,1.8.4.10,3.0,0.0,0.64434,1.000000,1,0.822170,39.0,16.5,33.0,18.8,27513.36,6.5935,48.718,Nc1ncnc2c1ncn2[C@@H]1O[C@H](COP(=O)([O-])OS(=O)(=O)[O-])[C@@H](O)[C@H]1O.O[C@@H](CS)[C@@H](O)CS>>Nc1ncnc2c1ncn2[C@@H]1O[C@H](COP(=O)([O-])[O-])[C@@H](O)[C@H]1O.O=S([O-])[O-].O[C@H]1CSSC[C@@H]1O,O=S([O-])[O-].Nc1ncnc2c1ncn2[C@@H]1O[C@H](COP(=O)([O-])[O-])[C@@H](O)[C@H]1O.[*]N[C@@H](CSSC[C@H](N[*])C([*])=O)C([*])=O>>[*]N[C@@H](CS)C(=O)N[C@@H]([*])C(=O)N[C@@H]([*])C(=O)N[C@@H](CS)C([*])=O.Nc1ncnc2c1ncn2[C@@H]1O[C@H](COP(=O)([O-])OS(=O)(=O)[O-])[C@@H](O)[C@H]1O
58,64.917000,Q2S5G4,Adenosine 5'-phosphosulfate reductase,Salinibacter ruber (strain DSM 13855 / M31) OX=309807,17.0,MNXR152999,MNXR153000_0.6260772499802167_0.9999999999999999|MNXR153001_0.6260772499802167_0.9999999999999999|MNXR153002_0.6260772499802167_0.9999999999999999|MNXR176244_0.6260772499802167_0.9999999999999999,1.8.4.10,3.0,0.0,0.64434,1.000000,1,0.822170,26.7,16.5,36.9,26.7,28592.54,4.4364,49.603,Nc1ncnc2c1ncn2[C@@H]1O[C@H](COP(=O)([O-])OS(=O)(=O)[O-])[C@@H](O)[C@H]1O.O[C@@H](CS)[C@@H](O)CS>>Nc1ncnc2c1ncn2[C@@H]1O[C@H](COP(=O)([O-])[O-])[C@@H](O)[C@H]1O.O=S([O-])[O-].O[C@H]1CSSC[C@@H]1O,O=S([O-])[O-].Nc1ncnc2c1ncn2[C@@H]1O[C@H](COP(=O)([O-])[O-])[C@@H](O)[C@H]1O.[*]N[C@@H](CSSC[C@H](N[*])C([*])=O)C([*])=O>>[*]N[C@@H](CS)C(=O)N[C@@H]([*])C(=O)N[C@@H]([*])C(=O)N[C@@H](CS)C([*])=O.Nc1ncnc2c1ncn2[C@@H]1O[C@H](COP(=O)([O-])OS(=O)(=O)[O-])[C@@H](O)[C@H]1O
59,64.917000,P9WIK2,Adenosine 5'-phosphosulfate reductase,Mycobacterium tuberculosis (strain CDC 1551 / Oshkosh) OX=83331,17.0,MNXR152999,MNXR153000_0.6260772499802167_0.9999999999999999|MNXR153001_0.6260772499802167_0.9999999999999999|MNXR153002_0.6260772499802167_0.9999999999999999|MNXR176244_0.6260772499802167_0.9999999999999999,1.8.4.10,3.0,0.0,0.64434,1.000000,1,0.822170,31.9,27.7,21.0,26.1,27422.94,4.9994,42.520,Nc1ncnc2c1ncn2[C@@H]1O[C@H](COP(=O)([O-])OS(=O)(=O)[O-])[C@@H](O)[C@H]1O.O[C@@H](CS)[C@@H](O)CS>>Nc1ncnc2c1ncn2[C@@H]1O[C@H](COP(=O)([O-])[O-])[C@@H](O)[C@H]1O.O=S([O-])[O-].O[C@H]1CSSC[C@@H]1O,O=S([O-])[O-].Nc1ncnc2c1ncn2[C@@H]1O[C@H](COP(=O)([O-])[O-])[C@@H](O)[C@H]1O.[*]N[C@@H](CSSC[C@H](N[*])C([*])=O)C([*])=O>>[*]N[C@@H](CS)C(=O)N[C@@H]([*])C(=O)N[C@@H]([*])C(=O)N[C@@H](CS)C([*])=O.Nc1ncnc2c1ncn2[C@@H]1O[C@H](COP(=O)([O-])OS(=O)(=O)[O-])[C@@H](O)[C@H]1O
60,64.917000,C1EMR8,Adenosine 5'-phosphosulfate reductase,Bacillus cereus (strain 03BB102) OX=572264,17.0,MNXR152999,MNXR153000_0.6260772499802167_0.9999999999999999|MNXR153001_0.6260772499802167_0.9999999999999999|MNXR153002_0.6260772499802167_0.9999999999999999|MNXR176244_0.6260772499802167_0.9999999999999999,1.8.4.10,3.0,0.0,0.64434,1.000000,1,0.822170,37.6,16.1,33.5,20.2,27303.05,6.5962,50.427,Nc1ncnc2c1ncn2[C@@H]1O[C@H](COP(=O)([O-])OS(=O)(=O)[O-])[C@@H](O)[C@H]1O.O[C@@H](CS)[C@@H](O)CS>>Nc1ncnc2c1ncn2[C@@H]1O[C@H](COP(=O)([O-])[O-])[C@@H](O)[C@H]1O.O=S([O-])[O-].O[C@H]1CSSC[C@@H]1O,O=S([O-])[O-].Nc1ncnc2c1ncn2[C@@H]1O[C@H](COP(=O)([O-])[O-])[C@@H](O)[C@H]1O.[*]N[C@@H](CSSC[C@H](N[*])C([*])=O)C([*])=O>>[*]N[C@@H](CS)C(=O)N[C@@H]([*])C(=O)N[C@@H]([*])C(=O)N[C@@H](CS)C([*])=O.Nc1ncnc2c1ncn2[C@@H]1O[C@H](COP(=O)([O-])OS(=O)(=O)[O-])[C@@H](O)[C@H]1O
61,64.917000,B7HKE5,Adenosine 5'-phosphosulfate reductase,Bacillus cereus (strain AH187) OX=405534,17.0,MNXR152999,MNXR153000_0.6260772499802167_0.9999999999999999|MNXR153001_0.6260772499802167_0.9999999999999999|MNXR153002_0.6260772499802167_0.9999999999999999|MNXR176244_0.6260772499802167_0.9999999999999999,1.8.4.10,3.0,0.0,0.64434,1.000000,1,0.822170,38.1,16.1,33.0,20.2,27317.07,6.5962,50.427,Nc1ncnc2c1ncn2[C@@H]1O[C@H](COP(=O)([O-])OS(=O)(=O)[O-])[C@@H](O)[C@H]1O.O[C@@H](CS)[C@@H](O)CS>>Nc1ncnc2c1ncn2[C@@H]1O[C@H](COP(=O)([O-])[O-])[C@@H](O)[C@H]1O.O=S([O-])[O-].O[C@H]1CSSC[C@@H]1O,O=S([O-])[O-].Nc1ncnc2c1ncn2[C@@H]1O[C@H](COP(=O)([O-])[O-])[C@@H](O)[C@H]1O.[*]N[C@@H](CSSC[C@H](N[*])C([*])=O)C([*])=O>>[*]N[C@@H](CS)C(=O)N[C@@H]([*])C(=O)N[C@@H]([*])C(=O)N[C@@H](CS)C([*])=O.Nc1ncnc2c1ncn2[C@@H]1O[C@H](COP(=O)([O-])OS(=O)(=O)[O-])[C@@H](O)[C@H]1O
62,64.917000,Q9ADG3,Adenosine 5'-phosphosulfate reductase,Streptomyces coelicolor (strain ATCC BAA-471 / A3(2) / M145) OX=100226,17.0,MNXR152999,MNXR153000_0.6260772499802167_0.9999999999999999|MNXR153001_0.6260772499802167_0.9999999999999999|MNXR153002_0.6260772499802167_0.9999999999999999|MNXR176244_0.6260772499802167_0.9999999999999999,1.8.4.10,3.0,0.0,0.64434,1.000000,1,0.822170,43.2,17.3,23.6,23.2,25957.14,4.7781,47.034,Nc1ncnc2c1ncn2[C@@H]1O[C@H](COP(=O)([O-])OS(=O)(=O)[O-])[C@@H](O)[C@H]1O.O[C@@H](CS)[C@@H](O)CS>>Nc1ncnc2c1ncn2[C@@H]1O[C@H](COP(=O)([O-])[O-])[C@@H](O)[C@H]1O.O=S([O-])[O-].O[C@H]1CSSC[C@@H]1O,O=S([O-])[O-].Nc1ncnc2c1ncn2[C@@H]1O[C@H](COP(=O)([O-])[O-])[C@@H](O)[C@H]1O.[*]N[C@@H](CSSC[C@H](N[*])C([*])=O)C([*])=O>>[*]N[C@@H](CS)C(=O)N[C@@H]([*])C(=O)N[C@@H]([*])C(=O)N[C@@H](CS)C([*])=O.Nc1ncnc2c1ncn2[C@@H]1O[C@H](COP(=O)([O-])OS(=O)(=O)[O-])[C@@H](O)[C@H]1O
63,64.917000,B9IV11,Adenosine 5'-phosphosulfate reductase,Bacillus cereus (strain Q1) OX=361100,17.0,MNXR152999,MNXR153000_0.6260772499802167_0.9999999999999999|MNXR153001_0.6260772499802167_0.9999999999999999|MNXR153002_0.6260772499802167_0.9999999999999999|MNXR176244_0.6260772499802167_0.9999999999999999,1.8.4.10,3.0,0.0,0.64434,1.000000,1,0.822170,34.9,17.0,34.9,20.6,27232.91,6.5956,50.427,Nc1ncnc2c1ncn2[C@@H]1O[C@H](COP(=O)([O-])OS(=O)(=O)[O-])[C@@H](O)[C@H]1O.O[C@@H](CS)[C@@H](O)CS>>Nc1ncnc2c1ncn2[C@@H]1O[C@H](COP(=O)([O-])[O-])[C@@H](O)[C@H]1O.O=S([O-])[O-].O[C@H]1CSSC[C@@H]1O,O=S([O-])[O-].Nc1ncnc2c1ncn2[C@@H]1O[C@H](COP(=O)([O-])[O-])[C@@H](O)[C@H]1O.[*]N[C@@H](CSSC[C@H](N[*])C([*])=O)C([*])=O>>[*]N[C@@H](CS)C(=O)N[C@@H]([*])C(=O)N[C@@H]([*])C(=O)N[C@@H](CS)C([*])=O.Nc1ncnc2c1ncn2[C@@H]1O[C@H](COP(=O)([O-])OS(=O)(=O)[O-])[C@@H](O)[C@H]1O
64,64.596684,A7ZSV5,Thiosulfate sulfurtransferase GlpE,Escherichia coli O139:H28 (strain E24377A / ETEC) OX=331111,4.0,MNXR195009,-,2.8.1.1,3.0,0.0,0.60186,0.776074,1,0.688965,46.7,28.3,15.2,27.2,12082.47,4.2901,42.593,Nc1ncnc2c1ncn2[C@@H]1O[C@H](COP(=O)([O-])OS(=O)(=O)[O-])[C@@H](O)[C@H]1O.O[C@@H](CS)[C@@H](O)CS>>Nc1ncnc2c1ncn2[C@@H]1O[C@H](COP(=O)([O-])[O-])[C@@H](O)[C@H]1O.O=S([O-])[O-].O[C@H]1CSSC[C@@H]1O,O=S([O-])[O-].[*]S[*].O[C@H]1CSSC[C@@H]1O>>O=S(=O)([O-])S.O[C@@H](CS)[C@@H](O)CS
65,64.363000,T2G6Z9,Adenylylsulfate reductase subunit alpha,Megalodesulfovibrio gigas (strain ATCC 19364 / DSM 1382 / NCIMB 9332 / VKM B-1759) OX=1121448,15.0,MNXR106720,MNXR115674_0.5892556509887896_0.9999999999999999|MNXR172284_0.5892556509887896_0.9999999999999999|MNXR189464_0.5892556509887896_0.9999999999999999|MNXR189465_0.5892556509887896_0.9999999999999999,1.8.99.2,1.0,0.0,0.58926,1.000000,1,0.794628,44.6,18.5,22.6,16.8,74879.66,7.3539,42.042,Nc1ncnc2c1ncn2[C@@H]1O[C@H](COP(=O)([O-])OS(=O)(=O)[O-])[C@@H](O)[C@H]1O.O[C@@H](CS)[C@@H](O)CS>>Nc1ncnc2c1ncn2[C@@H]1O[C@H](COP(=O)([O-])[O-])[C@@H](O)[C@H]1O.O=S([O-])[O-].O[C@H]1CSSC[C@@H]1O,O=S([O-])[O-].Nc1ncnc2c1ncn2[C@@H]1O[C@H](COP(=O)([O-])[O-])[C@@H](O)[C@H]1O>>Nc1ncnc2c1ncn2[C@@H]1O[C@H](COP(=O)([O-])OS(=O)(=O)[O-])[C@@H](O)[C@H]1O
66,64.117000,P94498,Adenosine 5'-phosphosulfate reductase 1,Bacillus subtilis (strain 168) OX=224308,18.0,MNXR152999,MNXR153000_0.6260772499802167_0.9999999999999999|MNXR153001_0.6260772499802167_0.9999999999999999|MNXR153002_0.6260772499802167_0.9999999999999999|MNXR176244_0.6260772499802167_0.9999999999999999,1.8.4.10,1.0,0.0,0.64434,1.000000,1,0.822170,33.6,18.9,31.3,23.5,26974.59,5.6414,46.781,Nc1ncnc2c1ncn2[C@@H]1O[C@H](COP(=O)([O-])OS(=O)(=O)[O-])[C@@H](O)[C@H]1O.O[C@@H](CS)[C@@H](O)CS>>Nc1ncnc2c1ncn2[C@@H]1O[C@H](COP(=O)([O-])[O-])[C@@H](O)[C@H]1O.O=S([O-])[O-].O[C@H]1CSSC[C@@H]1O,O=S([O-])[O-].Nc1ncnc2c1ncn2[C@@H]1O[C@H](COP(=O)([O-])[O-])[C@@H](O)[C@H]1O.[*]N[C@@H](CSSC[C@H](N[*])C([*])=O)C([*])=O>>[*]N[C@@H](CS)C(=O)N[C@@H]([*])C(=O)N[C@@H]([*])C(=O)N[C@@H](CS)C([*])=O.Nc1ncnc2c1ncn2[C@@H]1O[C@H](COP(=O)([O-])OS(=O)(=O)[O-])[C@@H](O)[C@H]1O
67,63.917000,P65669,Adenosine 5'-phosphosulfate reductase,Mycobacterium bovis (strain ATCC BAA-935 / AF2122/97) OX=233413,18.0,MNXR152999,MNXR153000_0.6260772499802167_0.9999999999999999|MNXR153001_0.6260772499802167_0.9999999999999999|MNXR153002_0.6260772499802167_0.9999999999999999|MNXR176244_0.6260772499802167_0.9999999999999999,1.8.4.10,3.0,0.0,0.64434,1.000000,1,0.822170,31.9,27.7,21.0,26.1,27422.94,4.9994,42.520,Nc1ncnc2c1ncn2[C@@H]1O[C@H](COP(=O)([O-])OS(=O)(=O)[O-])[C@@H](O)[C@H]1O.O[C@@H](CS)[C@@H](O)CS>>Nc1ncnc2c1ncn2[C@@H]1O[C@H](COP(=O)([O-])[O-])[C@@H](O)[C@H]1O.O=S([O-])[O-].O[C@H]1CSSC[C@@H]1O,O=S([O-])[O-].Nc1ncnc2c1ncn2[C@@H]1O[C@H](COP(=O)([O-])[O-])[C@@H](O)[C@H]1O.[*]N[C@@H](CSSC[C@H](N[*])C([*])=O)C([*])=O>>[*]N[C@@H](CS)C(=O)N[C@@H]([*])C(=O)N[C@@H]([*])C(=O)N[C@@H](CS)C([*])=O.Nc1ncnc2c1ncn2[C@@H]1O[C@H](COP(=O)([O-])OS(=O)(=O)[O-])[C@@H](O)[C@H]1O
68,63.917000,A7Z4H7,Adenosine 5'-phosphosulfate reductase,Bacillus velezensis (strain DSM 23117 / BGSC 10A6 / LMG 26770 / FZB42) OX=326423,18.0,MNXR152999,MNXR153000_0.6260772499802167_0.9999999999999999|MNXR153001_0.6260772499802167_0.9999999999999999|MNXR153002_0.6260772499802167_0.9999999999999999|MNXR176244_0.6260772499802167_0.9999999999999999,1.8.4.10,3.0,0.0,0.64434,1.000000,1,0.822170,34.6,18.9,30.9,23.0,26812.48,5.8599,46.781,Nc1ncnc2c1ncn2[C@@H]1O[C@H](COP(=O)([O-])OS(=O)(=O)[O-])[C@@H](O)[C@H]1O.O[C@@H](CS)[C@@H](O)CS>>Nc1ncnc2c1ncn2[C@@H]1O[C@H](COP(=O)([O-])[O-])[C@@H](O)[C@H]1O.O=S([O-])[O-].O[C@H]1CSSC[C@@H]1O,O=S([O-])[O-].Nc1ncnc2c1ncn2[C@@H]1O[C@H](COP(=O)([O-])[O-])[C@@H](O)[C@H]1O.[*]N[C@@H](CSSC[C@H](N[*])C([*])=O)C([*])=O>>[*]N[C@@H](CS)C(=O)N[C@@H]([*])C(=O)N[C@@H]([*])C(=O)N[C@@H](CS)C([*])=O.Nc1ncnc2c1ncn2[C@@H]1O[C@H](COP(=O)([O-])OS(=O)(=O)[O-])[C@@H](O)[C@H]1O
69,63.917000,Q6HLD4,Adenosine 5'-phosphosulfate reductase,Bacillus thuringiensis subsp. konkukian (strain 97-27) OX=281309,18.0,MNXR152999,MNXR153000_0.6260772499802167_0.9999999999999999|MNXR153001_0.6260772499802167_0.9999999999999999|MNXR153002_0.6260772499802167_0.9999999999999999|MNXR176244_0.6260772499802167_0.9999999999999999,1.8.4.10,3.0,0.0,0.64434,1.000000,1,0.822170,38.1,16.1,33.5,19.7,27331.10,6.5962,50.427,Nc1ncnc2c1ncn2[C@@H]1O[C@H](COP(=O)([O-])OS(=O)(=O)[O-])[C@@H](O)[C@H]1O.O[C@@H](CS)[C@@H](O)CS>>Nc1ncnc2c1ncn2[C@@H]1O[C@H](COP(=O)([O-])[O-])[C@@H](O)[C@H]1O.O=S([O-])[O-].O[C@H]1CSSC[C@@H]1O,O=S([O-])[O-].Nc1ncnc2c1ncn2[C@@H]1O[C@H](COP(=O)([O-])[O-])[C@@H](O)[C@H]1O.[*]N[C@@H](CSSC[C@H](N[*])C([*])=O)C([*])=O>>[*]N[C@@H](CS)C(=O)N[C@@H]([*])C(=O)N[C@@H]([*])C(=O)N[C@@H](CS)C([*])=O.Nc1ncnc2c1ncn2[C@@H]1O[C@H](COP(=O)([O-])OS(=O)(=O)[O-])[C@@H](O)[C@H]1O
70,63.917000,O06737,Adenosine 5'-phosphosulfate reductase 2,Bacillus subtilis (strain 168) OX=224308,18.0,MNXR152999,MNXR153000_0.6260772499802167_0.9999999999999999|MNXR153001_0.6260772499802167_0.9999999999999999|MNXR153002_0.6260772499802167_0.9999999999999999|MNXR176244_0.6260772499802167_0.9999999999999999,1.8.4.10,3.0,0.0,0.64434,1.000000,1,0.822170,36.8,22.7,29.1,18.6,27670.64,6.1722,48.729,Nc1ncnc2c1ncn2[C@@H]1O[C@H](COP(=O)([O-])OS(=O)(=O)[O-])[C@@H](O)[C@H]1O.O[C@@H](CS)[C@@H](O)CS>>Nc1ncnc2c1ncn2[C@@H]1O[C@H](COP(=O)([O-])[O-])[C@@H](O)[C@H]1O.O=S([O-])[O-].O[C@H]1CSSC[C@@H]1O,O=S([O-])[O-].Nc1ncnc2c1ncn2[C@@H]1O[C@H](COP(=O)([O-])[O-])[C@@H](O)[C@H]1O.[*]N[C@@H](CSSC[C@H](N[*])C([*])=O)C([*])=O>>[*]N[C@@H](CS)C(=O)N[C@@H]([*])C(=O)N[C@@H]([*])C(=O)N[C@@H](CS)C([*])=O.Nc1ncnc2c1ncn2[C@@H]1O[C@H](COP(=O)([O-])OS(=O)(=O)[O-])[C@@H](O)[C@H]1O
71,63.596684,B7LSC7,Thiosulfate sulfurtransferase GlpE,Escherichia fergusonii (strain ATCC 35469 / DSM 13698 / CCUG 18766 / IAM 14443 / JCM 21226 / LMG 7866 / NBRC 102419 / NCTC 12128 / CDC 0568-73) OX=585054,5.0,MNXR195009,-,2.8.1.1,3.0,0.0,0.60186,0.776074,1,0.688965,46.7,28.3,15.2,27.2,12082.47,4.2901,42.593,Nc1ncnc2c1ncn2[C@@H]1O[C@H](COP(=O)([O-])OS(=O)(=O)[O-])[C@@H](O)[C@H]1O.O[C@@H](CS)[C@@H](O)CS>>Nc1ncnc2c1ncn2[C@@H]1O[C@H](COP(=O)([O-])[O-])[C@@H](O)[C@H]1O.O=S([O-])[O-].O[C@H]1CSSC[C@@H]1O,O=S([O-])[O-].[*]S[*].O[C@H]1CSSC[C@@H]1O>>O=S(=O)([O-])S.O[C@@H](CS)[C@@H](O)CS
72,62.917000,C1AQV5,Adenosine 5'-phosphosulfate reductase,Mycobacterium bovis (strain BCG / Tokyo 172 / ATCC 35737 / TMC 1019) OX=561275,19.0,MNXR152999,MNXR153000_0.6260772499802167_0.9999999999999999|MNXR153001_0.6260772499802167_0.9999999999999999|MNXR153002_0.6260772499802167_0.9999999999999999|MNXR176244_0.6260772499802167_0.9999999999999999,1.8.4.10,3.0,0.0,0.64434,1.000000,1,0.822170,31.9,27.7,21.0,26.1,27422.94,4.9994,42.520,Nc1ncnc2c1ncn2[C@@H]1O[C@H](COP(=O)([O-])OS(=O)(=O)[O-])[C@@H](O)[C@H]1O.O[C@@H](CS)[C@@H](O)CS>>Nc1ncnc2c1ncn2[C@@H]1O[C@H](COP(=O)([O-])[O-])[C@@H](O)[C@H]1O.O=S([O-])[O-].O[C@H]1CSSC[C@@H]1O,O=S([O-])[O-].Nc1ncnc2c1ncn2[C@@H]1O[C@H](COP(=O)([O-])[O-])[C@@H](O)[C@H]1O.[*]N[C@@H](CSSC[C@H](N[*])C([*])=O)C([*])=O>>[*]N[C@@H](CS)C(=O)N[C@@H]([*])C(=O)N[C@@H]([*])C(=O)N[C@@H](CS)C([*])=O.Nc1ncnc2c1ncn2[C@@H]1O[C@H](COP(=O)([O-])OS(=O)(=O)[O-])[C@@H](O)[C@H]1O
73,62.917000,A1KL82,Adenosine 5'-phosphosulfate reductase,Mycobacterium bovis (strain BCG / Pasteur 1173P2) OX=410289,19.0,MNXR152999,MNXR153000_0.6260772499802167_0.9999999999999999|MNXR153001_0.6260772499802167_0.9999999999999999|MNXR153002_0.6260772499802167_0.9999999999999999|MNXR176244_0.6260772499802167_0.9999999999999999,1.8.4.10,3.0,0.0,0.64434,1.000000,1,0.822170,31.9,27.7,21.0,26.1,27422.94,4.9994,42.520,Nc1ncnc2c1ncn2[C@@H]1O[C@H](COP(=O)([O-])OS(=O)(=O)[O-])[C@@H](O)[C@H]1O.O[C@@H](CS)[C@@H](O)CS>>Nc1ncnc2c1ncn2[C@@H]1O[C@H](COP(=O)([O-])[O-])[C@@H](O)[C@H]1O.O=S([O-])[O-].O[C@H]1CSSC[C@@H]1O,O=S([O-])[O-].Nc1ncnc2c1ncn2[C@@H]1O[C@H](COP(=O)([O-])[O-])[C@@H](O)[C@H]1O.[*]N[C@@H](CSSC[C@H](N[*])C([*])=O)C([*])=O>>[*]N[C@@H](CS)C(=O)N[C@@H]([*])C(=O)N[C@@H]([*])C(=O)N[C@@H](CS)C([*])=O.Nc1ncnc2c1ncn2[C@@H]1O[C@H](COP(=O)([O-])OS(=O)(=O)[O-])[C@@H](O)[C@H]1O
74,62.596684,P0A6V7,Thiosulfate sulfurtransferase GlpE,Shigella flexneri OX=623,6.0,MNXR195009,-,2.8.1.1,3.0,0.0,0.60186,0.776074,1,0.688965,46.7,28.3,15.2,27.2,12082.47,4.2901,42.593,Nc1ncnc2c1ncn2[C@@H]1O[C@H](COP(=O)([O-])OS(=O)(=O)[O-])[C@@H](O)[C@H]1O.O[C@@H](CS)[C@@H](O)CS>>Nc1ncnc2c1ncn2[C@@H]1O[C@H](COP(=O)([O-])[O-])[C@@H](O)[C@H]1O.O=S([O-])[O-].O[C@H]1CSSC[C@@H]1O,O=S([O-])[O-].[*]S[*].O[C@H]1CSSC[C@@H]1O>>O=S(=O)([O-])S.O[C@@H](CS)[C@@H](O)CS
75,61.596684,B2U3N3,Thiosulfate sulfurtransferase GlpE,Shigella boydii serotype 18 (strain CDC 3083-94 / BS512) OX=344609,7.0,MNXR195009,-,2.8.1.1,3.0,0.0,0.60186,0.776074,1,0.688965,46.7,28.3,15.2,27.2,12067.49,4.2901,41.667,Nc1ncnc2c1ncn2[C@@H]1O[C@H](COP(=O)([O-])OS(=O)(=O)[O-])[C@@H](O)[C@H]1O.O[C@@H](CS)[C@@H](O)CS>>Nc1ncnc2c1ncn2[C@@H]1O[C@H](COP(=O)([O-])[O-])[C@@H](O)[C@H]1O.O=S([O-])[O-].O[C@H]1CSSC[C@@H]1O,O=S([O-])[O-].[*]S[*].O[C@H]1CSSC[C@@H]1O>>O=S(=O)([O-])S.O[C@@H](CS)[C@@H](O)CS
76,61.596684,A4WFK9,Thiosulfate sulfurtransferase GlpE,Enterobacter sp. (strain 638) OX=399742,7.0,MNXR195009,-,2.8.1.1,3.0,0.0,0.60186,0.776074,1,0.688965,36.2,34.0,20.2,26.6,12323.65,5.0374,44.545,Nc1ncnc2c1ncn2[C@@H]1O[C@H](COP(=O)([O-])OS(=O)(=O)[O-])[C@@H](O)[C@H]1O.O[C@@H](CS)[C@@H](O)CS>>Nc1ncnc2c1ncn2[C@@H]1O[C@H](COP(=O)([O-])[O-])[C@@H](O)[C@H]1O.O=S([O-])[O-].O[C@H]1CSSC[C@@H]1O,O=S([O-])[O-].[*]S[*].O[C@H]1CSSC[C@@H]1O>>O=S(=O)([O-])S.O[C@@H](CS)[C@@H](O)CS
77,61.596684,A8AQX5,Thiosulfate sulfurtransferase GlpE,Citrobacter koseri (strain ATCC BAA-895 / CDC 4225-83 / SGSC4696) OX=290338,7.0,MNXR195009,-,2.8.1.1,3.0,0.0,0.60186,0.776074,1,0.688965,40.2,29.3,19.6,28.3,12108.43,4.9921,44.444,Nc1ncnc2c1ncn2[C@@H]1O[C@H](COP(=O)([O-])OS(=O)(=O)[O-])[C@@H](O)[C@H]1O.O[C@@H](CS)[C@@H](O)CS>>Nc1ncnc2c1ncn2[C@@H]1O[C@H](COP(=O)([O-])[O-])[C@@H](O)[C@H]1O.O=S([O-])[O-].O[C@H]1CSSC[C@@H]1O,O=S([O-])[O-].[*]S[*].O[C@H]1CSSC[C@@H]1O>>O=S(=O)([O-])S.O[C@@H](CS)[C@@H](O)CS
78,61.596684,Q31VK8,Thiosulfate sulfurtransferase GlpE,Shigella boydii serotype 4 (strain Sb227) OX=300268,7.0,MNXR195009,-,2.8.1.1,3.0,0.0,0.60186,0.776074,1,0.688965,46.7,28.3,15.2,27.2,12067.49,4.2901,41.667,Nc1ncnc2c1ncn2[C@@H]1O[C@H](COP(=O)([O-])OS(=O)(=O)[O-])[C@@H](O)[C@H]1O.O[C@@H](CS)[C@@H](O)CS>>Nc1ncnc2c1ncn2[C@@H]1O[C@H](COP(=O)([O-])[O-])[C@@H](O)[C@H]1O.O=S([O-])[O-].O[C@H]1CSSC[C@@H]1O,O=S([O-])[O-].[*]S[*].O[C@H]1CSSC[C@@H]1O>>O=S(=O)([O-])S.O[C@@H](CS)[C@@H](O)CS
79,60.596684,Q0SZP1,Thiosulfate sulfurtransferase GlpE,Shigella flexneri serotype 5b (strain 8401) OX=373384,8.0,MNXR195009,-,2.8.1.1,3.0,0.0,0.60186,0.776074,1,0.688965,46.7,28.3,15.2,27.2,12082.47,4.2901,42.593,Nc1ncnc2c1ncn2[C@@H]1O[C@H](COP(=O)([O-])OS(=O)(=O)[O-])[C@@H](O)[C@H]1O.O[C@@H](CS)[C@@H](O)CS>>Nc1ncnc2c1ncn2[C@@H]1O[C@H](COP(=O)([O-])[O-])[C@@H](O)[C@H]1O.O=S([O-])[O-].O[C@H]1CSSC[C@@H]1O,O=S([O-])[O-].[*]S[*].O[C@H]1CSSC[C@@H]1O>>O=S(=O)([O-])S.O[C@@H](CS)[C@@H](O)CS
80,60.596684,B5XTR4,Thiosulfate sulfurtransferase GlpE,Klebsiella pneumoniae (strain 342) OX=507522,8.0,MNXR195009,-,2.8.1.1,3.0,0.0,0.60186,0.776074,1,0.688965,44.1,31.2,17.2,24.7,12272.64,5.7113,45.872,Nc1ncnc2c1ncn2[C@@H]1O[C@H](COP(=O)([O-])OS(=O)(=O)[O-])[C@@H](O)[C@H]1O.O[C@@H](CS)[C@@H](O)CS>>Nc1ncnc2c1ncn2[C@@H]1O[C@H](COP(=O)([O-])[O-])[C@@H](O)[C@H]1O.O=S([O-])[O-].O[C@H]1CSSC[C@@H]1O,O=S([O-])[O-].[*]S[*].O[C@H]1CSSC[C@@H]1O>>O=S(=O)([O-])S.O[C@@H](CS)[C@@H](O)CS
81,60.596684,P64252,Thiosulfate sulfurtransferase GlpE,Salmonella typhi OX=90370,8.0,MNXR195009,-,2.8.1.1,3.0,0.0,0.60186,0.776074,1,0.688965,43.5,27.2,15.2,31.5,11973.35,5.0133,40.741,Nc1ncnc2c1ncn2[C@@H]1O[C@H](COP(=O)([O-])OS(=O)(=O)[O-])[C@@H](O)[C@H]1O.O[C@@H](CS)[C@@H](O)CS>>Nc1ncnc2c1ncn2[C@@H]1O[C@H](COP(=O)([O-])[O-])[C@@H](O)[C@H]1O.O=S([O-])[O-].O[C@H]1CSSC[C@@H]1O,O=S([O-])[O-].[*]S[*].O[C@H]1CSSC[C@@H]1O>>O=S(=O)([O-])S.O[C@@H](CS)[C@@H](O)CS
82,59.596684,A6TF44,Thiosulfate sulfurtransferase GlpE,Klebsiella pneumoniae subsp. pneumoniae (strain ATCC 700721 / MGH 78578) OX=272620,9.0,MNXR195009,-,2.8.1.1,3.0,0.0,0.60186,0.776074,1,0.688965,33.3,36.6,22.6,24.7,12268.64,5.4056,45.872,Nc1ncnc2c1ncn2[C@@H]1O[C@H](COP(=O)([O-])OS(=O)(=O)[O-])[C@@H](O)[C@H]1O.O[C@@H](CS)[C@@H](O)CS>>Nc1ncnc2c1ncn2[C@@H]1O[C@H](COP(=O)([O-])[O-])[C@@H](O)[C@H]1O.O=S([O-])[O-].O[C@H]1CSSC[C@@H]1O,O=S([O-])[O-].[*]S[*].O[C@H]1CSSC[C@@H]1O>>O=S(=O)([O-])S.O[C@@H](CS)[C@@H](O)CS
83,59.596684,Q8ZJI3,Thiosulfate sulfurtransferase GlpE,Yersinia pestis OX=632,9.0,MNXR195009,-,2.8.1.1,3.0,0.0,0.60186,0.776074,1,0.688965,23.7,31.2,21.5,40.9,12303.56,4.5796,48.624,Nc1ncnc2c1ncn2[C@@H]1O[C@H](COP(=O)([O-])OS(=O)(=O)[O-])[C@@H](O)[C@H]1O.O[C@@H](CS)[C@@H](O)CS>>Nc1ncnc2c1ncn2[C@@H]1O[C@H](COP(=O)([O-])[O-])[C@@H](O)[C@H]1O.O=S([O-])[O-].O[C@H]1CSSC[C@@H]1O,O=S([O-])[O-].[*]S[*].O[C@H]1CSSC[C@@H]1O>>O=S(=O)([O-])S.O[C@@H](CS)[C@@H](O)CS
84,59.596684,B5R384,Thiosulfate sulfurtransferase GlpE,Salmonella enteritidis PT4 (strain P125109) OX=550537,9.0,MNXR195009,-,2.8.1.1,3.0,0.0,0.60186,0.776074,1,0.688965,43.5,27.2,15.2,31.5,11973.35,5.0133,40.741,Nc1ncnc2c1ncn2[C@@H]1O[C@H](COP(=O)([O-])OS(=O)(=O)[O-])[C@@H](O)[C@H]1O.O[C@@H](CS)[C@@H](O)CS>>Nc1ncnc2c1ncn2[C@@H]1O[C@H](COP(=O)([O-])[O-])[C@@H](O)[C@H]1O.O=S([O-])[O-].O[C@H]1CSSC[C@@H]1O,O=S([O-])[O-].[*]S[*].O[C@H]1CSSC[C@@H]1O>>O=S(=O)([O-])S.O[C@@H](CS)[C@@H](O)CS
85,59.596684,A8GKU1,Thiosulfate sulfurtransferase GlpE,Serratia proteamaculans (strain 568) OX=399741,9.0,MNXR195009,-,2.8.1.1,3.0,0.0,0.60186,0.776074,1,0.688965,22.8,34.8,22.8,37.0,12169.34,4.4181,47.222,Nc1ncnc2c1ncn2[C@@H]1O[C@H](COP(=O)([O-])OS(=O)(=O)[O-])[C@@H](O)[C@H]1O.O[C@@H](CS)[C@@H](O)CS>>Nc1ncnc2c1ncn2[C@@H]1O[C@H](COP(=O)([O-])[O-])[C@@H](O)[C@H]1O.O=S([O-])[O-].O[C@H]1CSSC[C@@H]1O,O=S([O-])[O-].[*]S[*].O[C@H]1CSSC[C@@H]1O>>O=S(=O)([O-])S.O[C@@H](CS)[C@@H](O)CS
86,59.596684,A9MTU1,Thiosulfate sulfurtransferase GlpE,Salmonella paratyphi B (strain ATCC BAA-1250 / SPB7) OX=1016998,9.0,MNXR195009,-,2.8.1.1,3.0,0.0,0.60186,0.776074,1,0.688965,43.5,27.2,15.2,31.5,11973.35,5.0133,40.741,Nc1ncnc2c1ncn2[C@@H]1O[C@H](COP(=O)([O-])OS(=O)(=O)[O-])[C@@H](O)[C@H]1O.O[C@@H](CS)[C@@H](O)CS>>Nc1ncnc2c1ncn2[C@@H]1O[C@H](COP(=O)([O-])[O-])[C@@H](O)[C@H]1O.O=S([O-])[O-].O[C@H]1CSSC[C@@H]1O,O=S([O-])[O-].[*]S[*].O[C@H]1CSSC[C@@H]1O>>O=S(=O)([O-])S.O[C@@H](CS)[C@@H](O)CS
87,59.596684,C5B970,Thiosulfate sulfurtransferase GlpE,Edwardsiella ictaluri (strain 93-146) OX=634503,9.0,MNXR195009,-,2.8.1.1,3.0,0.0,0.60186,0.776074,1,0.688965,43.0,25.8,24.7,23.7,11875.27,4.5164,39.450,Nc1ncnc2c1ncn2[C@@H]1O[C@H](COP(=O)([O-])OS(=O)(=O)[O-])[C@@H](O)[C@H]1O.O[C@@H](CS)[C@@H](O)CS>>Nc1ncnc2c1ncn2[C@@H]1O[C@H](COP(=O)([O-])[O-])[C@@H](O)[C@H]1O.O=S([O-])[O-].O[C@H]1CSSC[C@@H]1O,O=S([O-])[O-].[*]S[*].O[C@H]1CSSC[C@@H]1O>>O=S(=O)([O-])S.O[C@@H](CS)[C@@H](O)CS
88,59.596684,B5F8P1,Thiosulfate sulfurtransferase GlpE,Salmonella agona (strain SL483) OX=454166,9.0,MNXR195009,-,2.8.1.1,3.0,0.0,0.60186,0.776074,1,0.688965,40.2,29.3,15.2,32.6,11990.47,6.3356,40.741,Nc1ncnc2c1ncn2[C@@H]1O[C@H](COP(=O)([O-])OS(=O)(=O)[O-])[C@@H](O)[C@H]1O.O[C@@H](CS)[C@@H](O)CS>>Nc1ncnc2c1ncn2[C@@H]1O[C@H](COP(=O)([O-])[O-])[C@@H](O)[C@H]1O.O=S([O-])[O-].O[C@H]1CSSC[C@@H]1O,O=S([O-])[O-].[*]S[*].O[C@H]1CSSC[C@@H]1O>>O=S(=O)([O-])S.O[C@@H](CS)[C@@H](O)CS
89,59.596684,B4TKV1,Thiosulfate sulfurtransferase GlpE,Salmonella heidelberg (strain SL476) OX=454169,9.0,MNXR195009,-,2.8.1.1,3.0,0.0,0.60186,0.776074,1,0.688965,43.5,27.2,15.2,31.5,11973.35,5.0133,40.741,Nc1ncnc2c1ncn2[C@@H]1O[C@H](COP(=O)([O-])OS(=O)(=O)[O-])[C@@H](O)[C@H]1O.O[C@@H](CS)[C@@H](O)CS>>Nc1ncnc2c1ncn2[C@@H]1O[C@H](COP(=O)([O-])[O-])[C@@H](O)[C@H]1O.O=S([O-])[O-].O[C@H]1CSSC[C@@H]1O,O=S([O-])[O-].[*]S[*].O[C@H]1CSSC[C@@H]1O>>O=S(=O)([O-])S.O[C@@H](CS)[C@@H](O)CS
90,59.596684,P64251,Thiosulfate sulfurtransferase GlpE,Salmonella typhimurium (strain LT2 / SGSC1412 / ATCC 700720) OX=99287,9.0,MNXR195009,-,2.8.1.1,3.0,0.0,0.60186,0.776074,1,0.688965,43.5,27.2,15.2,31.5,11973.35,5.0133,40.741,Nc1ncnc2c1ncn2[C@@H]1O[C@H](COP(=O)([O-])OS(=O)(=O)[O-])[C@@H](O)[C@H]1O.O[C@@H](CS)[C@@H](O)CS>>Nc1ncnc2c1ncn2[C@@H]1O[C@H](COP(=O)([O-])[O-])[C@@H](O)[C@H]1O.O=S([O-])[O-].O[C@H]1CSSC[C@@H]1O,O=S([O-])[O-].[*]S[*].O[C@H]1CSSC[C@@H]1O>>O=S(=O)([O-])S.O[C@@H](CS)[C@@H](O)CS
91,59.596684,Q2NQH2,Thiosulfate sulfurtransferase GlpE,Sodalis glossinidius (strain morsitans) OX=343509,9.0,MNXR195009,-,2.8.1.1,3.0,0.0,0.60186,0.776074,1,0.688965,51.6,30.8,13.2,22.0,11853.36,5.0366,42.056,Nc1ncnc2c1ncn2[C@@H]1O[C@H](COP(=O)([O-])OS(=O)(=O)[O-])[C@@H](O)[C@H]1O.O[C@@H](CS)[C@@H](O)CS>>Nc1ncnc2c1ncn2[C@@H]1O[C@H](COP(=O)([O-])[O-])[C@@H](O)[C@H]1O.O=S([O-])[O-].O[C@H]1CSSC[C@@H]1O,O=S([O-])[O-].[*]S[*].O[C@H]1CSSC[C@@H]1O>>O=S(=O)([O-])S.O[C@@H](CS)[C@@H](O)CS
92,59.596684,B4TY78,Thiosulfate sulfurtransferase GlpE,Salmonella schwarzengrund (strain CVM19633) OX=439843,9.0,MNXR195009,-,2.8.1.1,3.0,0.0,0.60186,0.776074,1,0.688965,43.5,27.2,15.2,31.5,11973.35,5.0133,40.741,Nc1ncnc2c1ncn2[C@@H]1O[C@H](COP(=O)([O-])OS(=O)(=O)[O-])[C@@H](O)[C@H]1O.O[C@@H](CS)[C@@H](O)CS>>Nc1ncnc2c1ncn2[C@@H]1O[C@H](COP(=O)([O-])[O-])[C@@H](O)[C@H]1O.O=S([O-])[O-].O[C@H]1CSSC[C@@H]1O,O=S([O-])[O-].[*]S[*].O[C@H]1CSSC[C@@H]1O>>O=S(=O)([O-])S.O[C@@H](CS)[C@@H](O)CS
93,59.596684,Q5PLZ7,Thiosulfate sulfurtransferase GlpE,Salmonella paratyphi A (strain ATCC 9150 / SARB42) OX=295319,9.0,MNXR195009,-,2.8.1.1,3.0,0.0,0.60186,0.776074,1,0.688965,43.5,27.2,15.2,31.5,11973.35,5.0133,40.741,Nc1ncnc2c1ncn2[C@@H]1O[C@H](COP(=O)([O-])OS(=O)(=O)[O-])[C@@H](O)[C@H]1O.O[C@@H](CS)[C@@H](O)CS>>Nc1ncnc2c1ncn2[C@@H]1O[C@H](COP(=O)([O-])[O-])[C@@H](O)[C@H]1O.O=S([O-])[O-].O[C@H]1CSSC[C@@H]1O,O=S([O-])[O-].[*]S[*].O[C@H]1CSSC[C@@H]1O>>O=S(=O)([O-])S.O[C@@H](CS)[C@@H](O)CS
94,58.596684,Q7N9W3,Thiosulfate sulfurtransferase GlpE,Photorhabdus laumondii subsp. laumondii (strain DSM 15139 / CIP 105565 / TT01) OX=243265,10.0,MNXR195009,-,2.8.1.1,3.0,0.0,0.60186,0.776074,1,0.688965,24.2,26.3,24.2,42.1,12698.12,6.0499,47.748,Nc1ncnc2c1ncn2[C@@H]1O[C@H](COP(=O)([O-])OS(=O)(=O)[O-])[C@@H](O)[C@H]1O.O[C@@H](CS)[C@@H](O)CS>>Nc1ncnc2c1ncn2[C@@H]1O[C@H](COP(=O)([O-])[O-])[C@@H](O)[C@H]1O.O=S([O-])[O-].O[C@H]1CSSC[C@@H]1O,O=S([O-])[O-].[*]S[*].O[C@H]1CSSC[C@@H]1O>>O=S(=O)([O-])S.O[C@@H](CS)[C@@H](O)CS
95,58.596684,Q6T893,Thiosulfate sulfurtransferase GlpE,Actinobacillus pleuropneumoniae OX=715,10.0,MNXR195009,-,2.8.1.1,3.0,0.0,0.60186,0.776074,1,0.688965,35.9,22.8,29.3,29.3,12402.57,4.2783,48.148,Nc1ncnc2c1ncn2[C@@H]1O[C@H](COP(=O)([O-])OS(=O)(=O)[O-])[C@@H](O)[C@H]1O.O[C@@H](CS)[C@@H](O)CS>>Nc1ncnc2c1ncn2[C@@H]1O[C@H](COP(=O)([O-])[O-])[C@@H](O)[C@H]1O.O=S([O-])[O-].O[C@H]1CSSC[C@@H]1O,O=S([O-])[O-].[*]S[*].O[C@H]1CSSC[C@@H]1O>>O=S(=O)([O-])S.O[C@@H](CS)[C@@H](O)CS
96,58.596684,C6DH73,Thiosulfate sulfurtransferase GlpE,Pectobacterium carotovorum subsp. carotovorum (strain PC1) OX=561230,10.0,MNXR195009,-,2.8.1.1,3.0,0.0,0.60186,0.776074,1,0.688965,28.6,30.8,23.1,35.2,11820.99,4.2791,44.860,Nc1ncnc2c1ncn2[C@@H]1O[C@H](COP(=O)([O-])OS(=O)(=O)[O-])[C@@H](O)[C@H]1O.O[C@@H](CS)[C@@H](O)CS>>Nc1ncnc2c1ncn2[C@@H]1O[C@H](COP(=O)([O-])[O-])[C@@H](O)[C@H]1O.O=S([O-])[O-].O[C@H]1CSSC[C@@H]1O,O=S([O-])[O-].[*]S[*].O[C@H]1CSSC[C@@H]1O>>O=S(=O)([O-])S.O[C@@H](CS)[C@@H](O)CS
97,58.596684,Q664J2,Thiosulfate sulfurtransferase GlpE,Yersinia pseudotuberculosis serotype I (strain IP32953) OX=273123,10.0,MNXR195009,-,2.8.1.1,3.0,0.0,0.60186,0.776074,1,0.688965,23.7,31.2,21.5,40.9,12315.61,4.5796,47.706,Nc1ncnc2c1ncn2[C@@H]1O[C@H](COP(=O)([O-])OS(=O)(=O)[O-])[C@@H](O)[C@H]1O.O[C@@H](CS)[C@@H](O)CS>>Nc1ncnc2c1ncn2[C@@H]1O[C@H](COP(=O)([O-])[O-])[C@@H](O)[C@H]1O.O=S([O-])[O-].O[C@H]1CSSC[C@@H]1O,O=S([O-])[O-].[*]S[*].O[C@H]1CSSC[C@@H]1O>>O=S(=O)([O-])S.O[C@@H](CS)[C@@H](O)CS
98,58.596684,B1JHY9,Thiosulfate sulfurtransferase GlpE,Yersinia pseudotuberculosis serotype O:3 (strain YPIII) OX=502800,10.0,MNXR195009,-,2.8.1.1,3.0,0.0,0.60186,0.776074,1,0.688965,23.7,31.2,21.5,40.9,12315.61,4.5796,47.706,Nc1ncnc2c1ncn2[C@@H]1O[C@H](COP(=O)([O-])OS(=O)(=O)[O-])[C@@H](O)[C@H]1O.O[C@@H](CS)[C@@H](O)CS>>Nc1ncnc2c1ncn2[C@@H]1O[C@H](COP(=O)([O-])[O-])[C@@H](O)[C@H]1O.O=S([O-])[O-].O[C@H]1CSSC[C@@H]1O,O=S([O-])[O-].[*]S[*].O[C@H]1CSSC[C@@H]1O>>O=S(=O)([O-])S.O[C@@H](CS)[C@@H](O)CS
99,58.596684,Q1CCK7,Thiosulfate sulfurtransferase GlpE,Yersinia pestis bv. Antiqua (strain Nepal516) OX=377628,10.0,MNXR195009,-,2.8.1.1,3.0,0.0,0.60186,0.776074,1,0.688965,23.7,31.2,21.5,40.9,12315.61,4.5796,47.706,Nc1ncnc2c1ncn2[C@@H]1O[C@H](COP(=O)([O-])OS(=O)(=O)[O-])[C@@H](O)[C@H]1O.O[C@@H](CS)[C@@H](O)CS>>Nc1ncnc2c1ncn2[C@@H]1O[C@H](COP(=O)([O-])[O-])[C@@H](O)[C@H]1O.O=S([O-])[O-].O[C@H]1CSSC[C@@H]1O,O=S([O-])[O-].[*]S[*].O[C@H]1CSSC[C@@H]1O>>O=S(=O)([O-])S.O[C@@H](CS)[C@@H](O)CS
100,57.796684,P52197,Thiosulfate sulfurtransferase,Azotobacter vinelandii OX=354,11.0,MNXR195009,-,2.8.1.1,1.0,0.0,0.60186,0.776074,1,0.688965,32.9,24.3,16.9,32.2,29629.47,5.3531,38.745,Nc1ncnc2c1ncn2[C@@H]1O[C@H](COP(=O)([O-])OS(=O)(=O)[O-])[C@@H](O)[C@H]1O.O[C@@H](CS)[C@@H](O)CS>>Nc1ncnc2c1ncn2[C@@H]1O[C@H](COP(=O)([O-])[O-])[C@@H](O)[C@H]1O.O=S([O-])[O-].O[C@H]1CSSC[C@@H]1O,O=S([O-])[O-].[*]S[*].O[C@H]1CSSC[C@@H]1O>>O=S(=O)([O-])S.O[C@@H](CS)[C@@H](O)CS
101,57.596684,A9NC75,Thiosulfate sulfurtransferase GlpE,Coxiella burnetii (strain RSA 331 / Henzerling II) OX=360115,11.0,MNXR195009,-,2.8.1.1,3.0,0.0,0.60186,0.776074,1,0.688965,68.1,18.7,12.1,18.7,12361.93,6.1402,52.336,Nc1ncnc2c1ncn2[C@@H]1O[C@H](COP(=O)([O-])OS(=O)(=O)[O-])[C@@H](O)[C@H]1O.O[C@@H](CS)[C@@H](O)CS>>Nc1ncnc2c1ncn2[C@@H]1O[C@H](COP(=O)([O-])[O-])[C@@H](O)[C@H]1O.O=S([O-])[O-].O[C@H]1CSSC[C@@H]1O,O=S([O-])[O-].[*]S[*].O[C@H]1CSSC[C@@H]1O>>O=S(=O)([O-])S.O[C@@H](CS)[C@@H](O)CS
102,57.596684,B6J836,Thiosulfate sulfurtransferase GlpE,Coxiella burnetii (strain CbuK_Q154) OX=434924,11.0,MNXR195009,-,2.8.1.1,3.0,0.0,0.60186,0.776074,1,0.688965,68.1,18.7,12.1,18.7,12361.93,6.1402,52.336,Nc1ncnc2c1ncn2[C@@H]1O[C@H](COP(=O)([O-])OS(=O)(=O)[O-])[C@@H](O)[C@H]1O.O[C@@H](CS)[C@@H](O)CS>>Nc1ncnc2c1ncn2[C@@H]1O[C@H](COP(=O)([O-])[O-])[C@@H](O)[C@H]1O.O=S([O-])[O-].O[C@H]1CSSC[C@@H]1O,O=S([O-])[O-].[*]S[*].O[C@H]1CSSC[C@@H]1O>>O=S(=O)([O-])S.O[C@@H](CS)[C@@H](O)CS
103,57.596684,A5F4G9,Thiosulfate sulfurtransferase GlpE,Vibrio cholerae serotype O1 (strain ATCC 39541 / Classical Ogawa 395 / O395) OX=345073,11.0,MNXR195009,-,2.8.1.1,3.0,0.0,0.60186,0.776074,1,0.688965,62.2,20.0,11.1,24.4,12023.45,4.7422,45.283,Nc1ncnc2c1ncn2[C@@H]1O[C@H](COP(=O)([O-])OS(=O)(=O)[O-])[C@@H](O)[C@H]1O.O[C@@H](CS)[C@@H](O)CS>>Nc1ncnc2c1ncn2[C@@H]1O[C@H](COP(=O)([O-])[O-])[C@@H](O)[C@H]1O.O=S([O-])[O-].O[C@H]1CSSC[C@@H]1O,O=S([O-])[O-].[*]S[*].O[C@H]1CSSC[C@@H]1O>>O=S(=O)([O-])S.O[C@@H](CS)[C@@H](O)CS
104,57.596684,A5UE38,Thiosulfate sulfurtransferase GlpE,Haemophilus influenzae (strain PittEE) OX=374930,11.0,MNXR195009,-,2.8.1.1,3.0,0.0,0.60186,0.776074,1,0.688965,37.1,24.7,30.3,25.8,11993.54,4.3832,42.857,Nc1ncnc2c1ncn2[C@@H]1O[C@H](COP(=O)([O-])OS(=O)(=O)[O-])[C@@H](O)[C@H]1O.O[C@@H](CS)[C@@H](O)CS>>Nc1ncnc2c1ncn2[C@@H]1O[C@H](COP(=O)([O-])[O-])[C@@H](O)[C@H]1O.O=S([O-])[O-].O[C@H]1CSSC[C@@H]1O,O=S([O-])[O-].[*]S[*].O[C@H]1CSSC[C@@H]1O>>O=S(=O)([O-])S.O[C@@H](CS)[C@@H](O)CS
105,57.596684,B6J185,Thiosulfate sulfurtransferase GlpE,Coxiella burnetii (strain CbuG_Q212) OX=434923,11.0,MNXR195009,-,2.8.1.1,3.0,0.0,0.60186,0.776074,1,0.688965,68.1,18.7,12.1,18.7,12361.93,6.1402,52.336,Nc1ncnc2c1ncn2[C@@H]1O[C@H](COP(=O)([O-])OS(=O)(=O)[O-])[C@@H](O)[C@H]1O.O[C@@H](CS)[C@@H](O)CS>>Nc1ncnc2c1ncn2[C@@H]1O[C@H](COP(=O)([O-])[O-])[C@@H](O)[C@H]1O.O=S([O-])[O-].O[C@H]1CSSC[C@@H]1O,O=S([O-])[O-].[*]S[*].O[C@H]1CSSC[C@@H]1O>>O=S(=O)([O-])S.O[C@@H](CS)[C@@H](O)CS
106,57.596684,B5FCB8,Thiosulfate sulfurtransferase GlpE,Aliivibrio fischeri (strain MJ11) OX=388396,11.0,MNXR195009,-,2.8.1.1,3.0,0.0,0.60186,0.776074,1,0.688965,47.3,27.5,8.8,34.1,12130.50,4.4018,47.664,Nc1ncnc2c1ncn2[C@@H]1O[C@H](COP(=O)([O-])OS(=O)(=O)[O-])[C@@H](O)[C@H]1O.O[C@@H](CS)[C@@H](O)CS>>Nc1ncnc2c1ncn2[C@@H]1O[C@H](COP(=O)([O-])[O-])[C@@H](O)[C@H]1O.O=S([O-])[O-].O[C@H]1CSSC[C@@H]1O,O=S([O-])[O-].[*]S[*].O[C@H]1CSSC[C@@H]1O>>O=S(=O)([O-])S.O[C@@H](CS)[C@@H](O)CS
107,57.596684,C4L7X3,Thiosulfate sulfurtransferase GlpE,Tolumonas auensis (strain DSM 9187 / TA4) OX=595494,11.0,MNXR195009,-,2.8.1.1,3.0,0.0,0.60186,0.776074,1,0.688965,20.0,43.3,25.6,28.9,11687.17,6.4975,44.340,Nc1ncnc2c1ncn2[C@@H]1O[C@H](COP(=O)([O-])OS(=O)(=O)[O-])[C@@H](O)[C@H]1O.O[C@@H](CS)[C@@H](O)CS>>Nc1ncnc2c1ncn2[C@@H]1O[C@H](COP(=O)([O-])[O-])[C@@H](O)[C@H]1O.O=S([O-])[O-].O[C@H]1CSSC[C@@H]1O,O=S([O-])[O-].[*]S[*].O[C@H]1CSSC[C@@H]1O>>O=S(=O)([O-])S.O[C@@H](CS)[C@@H](O)CS
108,57.596684,C3LPU2,Thiosulfate sulfurtransferase GlpE,Vibrio cholerae serotype O1 (strain M66-2) OX=579112,11.0,MNXR195009,-,2.8.1.1,3.0,0.0,0.60186,0.776074,1,0.688965,62.2,20.0,11.1,24.4,12023.45,4.7422,45.283,Nc1ncnc2c1ncn2[C@@H]1O[C@H](COP(=O)([O-])OS(=O)(=O)[O-])[C@@H](O)[C@H]1O.O[C@@H](CS)[C@@H](O)CS>>Nc1ncnc2c1ncn2[C@@H]1O[C@H](COP(=O)([O-])[O-])[C@@H](O)[C@H]1O.O=S([O-])[O-].O[C@H]1CSSC[C@@H]1O,O=S([O-])[O-].[*]S[*].O[C@H]1CSSC[C@@H]1O>>O=S(=O)([O-])S.O[C@@H](CS)[C@@H](O)CS
109,57.596684,Q8E8J2,Thiosulfate sulfurtransferase GlpE,Shewanella oneidensis (strain MR-1) OX=211586,11.0,MNXR195009,-,2.8.1.1,3.0,0.0,0.60186,0.776074,1,0.688965,40.0,32.9,23.5,22.4,11135.25,4.4634,47.525,Nc1ncnc2c1ncn2[C@@H]1O[C@H](COP(=O)([O-])OS(=O)(=O)[O-])[C@@H](O)[C@H]1O.O[C@@H](CS)[C@@H](O)CS>>Nc1ncnc2c1ncn2[C@@H]1O[C@H](COP(=O)([O-])[O-])[C@@H](O)[C@H]1O.O=S([O-])[O-].O[C@H]1CSSC[C@@H]1O,O=S([O-])[O-].[*]S[*].O[C@H]1CSSC[C@@H]1O>>O=S(=O)([O-])S.O[C@@H](CS)[C@@H](O)CS
110,57.596684,Q8DD53,Thiosulfate sulfurtransferase GlpE,Vibrio vulnificus (strain CMCP6) OX=216895,11.0,MNXR195009,-,2.8.1.1,3.0,0.0,0.60186,0.776074,1,0.688965,52.2,26.7,7.8,31.1,11792.15,4.7599,44.340,Nc1ncnc2c1ncn2[C@@H]1O[C@H](COP(=O)([O-])OS(=O)(=O)[O-])[C@@H](O)[C@H]1O.O[C@@H](CS)[C@@H](O)CS>>Nc1ncnc2c1ncn2[C@@H]1O[C@H](COP(=O)([O-])[O-])[C@@H](O)[C@H]1O.O=S([O-])[O-].O[C@H]1CSSC[C@@H]1O,O=S([O-])[O-].[*]S[*].O[C@H]1CSSC[C@@H]1O>>O=S(=O)([O-])S.O[C@@H](CS)[C@@H](O)CS
111,57.596684,P44819,Thiosulfate sulfurtransferase GlpE,Haemophilus influenzae (strain ATCC 51907 / DSM 11121 / KW20 / Rd) OX=71421,11.0,MNXR195009,-,2.8.1.1,3.0,0.0,0.60186,0.776074,1,0.688965,31.5,25.8,33.7,27.0,12032.67,4.7127,42.857,Nc1ncnc2c1ncn2[C@@H]1O[C@H](COP(=O)([O-])OS(=O)(=O)[O-])[C@@H](O)[C@H]1O.O[C@@H](CS)[C@@H](O)CS>>Nc1ncnc2c1ncn2[C@@H]1O[C@H](COP(=O)([O-])[O-])[C@@H](O)[C@H]1O.O=S([O-])[O-].O[C@H]1CSSC[C@@H]1O,O=S([O-])[O-].[*]S[*].O[C@H]1CSSC[C@@H]1O>>O=S(=O)([O-])S.O[C@@H](CS)[C@@H](O)CS
112,57.596684,Q3IHW1,Thiosulfate sulfurtransferase GlpE,Pseudoalteromonas translucida (strain TAC 125) OX=326442,11.0,MNXR195009,-,2.8.1.1,3.0,0.0,0.60186,0.776074,1,0.688965,66.3,19.1,12.4,20.2,11677.07,4.1943,43.810,Nc1ncnc2c1ncn2[C@@H]1O[C@H](COP(=O)([O-])OS(=O)(=O)[O-])[C@@H](O)[C@H]1O.O[C@@H](CS)[C@@H](O)CS>>Nc1ncnc2c1ncn2[C@@H]1O[C@H](COP(=O)([O-])[O-])[C@@H](O)[C@H]1O.O=S([O-])[O-].O[C@H]1CSSC[C@@H]1O,O=S([O-])[O-].[*]S[*].O[C@H]1CSSC[C@@H]1O>>O=S(=O)([O-])S.O[C@@H](CS)[C@@H](O)CS
113,57.596684,Q4QMN7,Thiosulfate sulfurtransferase GlpE,Haemophilus influenzae (strain 86-028NP) OX=281310,11.0,MNXR195009,-,2.8.1.1,3.0,0.0,0.60186,0.776074,1,0.688965,34.8,25.8,32.6,24.7,12022.63,4.7127,43.810,Nc1ncnc2c1ncn2[C@@H]1O[C@H](COP(=O)([O-])OS(=O)(=O)[O-])[C@@H](O)[C@H]1O.O[C@@H](CS)[C@@H](O)CS>>Nc1ncnc2c1ncn2[C@@H]1O[C@H](COP(=O)([O-])[O-])[C@@H](O)[C@H]1O.O=S([O-])[O-].O[C@H]1CSSC[C@@H]1O,O=S([O-])[O-].[*]S[*].O[C@H]1CSSC[C@@H]1O>>O=S(=O)([O-])S.O[C@@H](CS)[C@@H](O)CS
114,57.596684,Q1IG23,Thiosulfate sulfurtransferase GlpE,Pseudomonas entomophila (strain L48) OX=384676,11.0,MNXR195009,-,2.8.1.1,3.0,0.0,0.60186,0.776074,1,0.688965,25.8,33.3,20.4,37.6,11628.76,4.5331,43.119,Nc1ncnc2c1ncn2[C@@H]1O[C@H](COP(=O)([O-])OS(=O)(=O)[O-])[C@@H](O)[C@H]1O.O[C@@H](CS)[C@@H](O)CS>>Nc1ncnc2c1ncn2[C@@H]1O[C@H](COP(=O)([O-])[O-])[C@@H](O)[C@H]1O.O=S([O-])[O-].O[C@H]1CSSC[C@@H]1O,O=S([O-])[O-].[*]S[*].O[C@H]1CSSC[C@@H]1O>>O=S(=O)([O-])S.O[C@@H](CS)[C@@H](O)CS
115,56.796684,Q9HUK9,Thiosulfate sulfurtransferase,Pseudomonas aeruginosa (strain ATCC 15692 / DSM 22644 / CIP 104116 / JCM 14847 / LMG 12228 / 1C / PRS 101 / PAO1) OX=208964,12.0,MNXR195009,-,2.8.1.1,1.0,0.0,0.60186,0.776074,1,0.688965,35.3,21.2,19.2,30.6,29391.18,5.3007,36.900,Nc1ncnc2c1ncn2[C@@H]1O[C@H](COP(=O)([O-])OS(=O)(=O)[O-])[C@@H](O)[C@H]1O.O[C@@H](CS)[C@@H](O)CS>>Nc1ncnc2c1ncn2[C@@H]1O[C@H](COP(=O)([O-])[O-])[C@@H](O)[C@H]1O.O=S([O-])[O-].O[C@H]1CSSC[C@@H]1O,O=S([O-])[O-].[*]S[*].O[C@H]1CSSC[C@@H]1O>>O=S(=O)([O-])S.O[C@@H](CS)[C@@H](O)CS
116,56.596684,A7MXX7,Thiosulfate sulfurtransferase GlpE,Vibrio campbellii (strain ATCC BAA-1116) OX=2902295,12.0,MNXR195009,-,2.8.1.1,3.0,0.0,0.60186,0.776074,1,0.688965,51.1,27.8,7.8,31.1,11847.17,4.0923,45.283,Nc1ncnc2c1ncn2[C@@H]1O[C@H](COP(=O)([O-])OS(=O)(=O)[O-])[C@@H](O)[C@H]1O.O[C@@H](CS)[C@@H](O)CS>>Nc1ncnc2c1ncn2[C@@H]1O[C@H](COP(=O)([O-])[O-])[C@@H](O)[C@H]1O.O=S([O-])[O-].O[C@H]1CSSC[C@@H]1O,O=S([O-])[O-].[*]S[*].O[C@H]1CSSC[C@@H]1O>>O=S(=O)([O-])S.O[C@@H](CS)[C@@H](O)CS
117,56.596684,B7V4H5,Thiosulfate sulfurtransferase GlpE,Pseudomonas aeruginosa (strain LESB58) OX=557722,12.0,MNXR195009,-,2.8.1.1,3.0,0.0,0.60186,0.776074,1,0.688965,26.6,25.5,23.4,41.5,11934.99,4.2901,46.364,Nc1ncnc2c1ncn2[C@@H]1O[C@H](COP(=O)([O-])OS(=O)(=O)[O-])[C@@H](O)[C@H]1O.O[C@@H](CS)[C@@H](O)CS>>Nc1ncnc2c1ncn2[C@@H]1O[C@H](COP(=O)([O-])[O-])[C@@H](O)[C@H]1O.O=S([O-])[O-].O[C@H]1CSSC[C@@H]1O,O=S([O-])[O-].[*]S[*].O[C@H]1CSSC[C@@H]1O>>O=S(=O)([O-])S.O[C@@H](CS)[C@@H](O)CS
118,56.596684,Q88QT9,Thiosulfate sulfurtransferase GlpE,Pseudomonas putida (strain ATCC 47054 / DSM 6125 / CFBP 8728 / NCIMB 11950 / KT2440) OX=160488,12.0,MNXR195009,-,2.8.1.1,3.0,0.0,0.60186,0.776074,1,0.688965,37.2,28.7,16.0,35.1,11906.17,4.8091,43.636,Nc1ncnc2c1ncn2[C@@H]1O[C@H](COP(=O)([O-])OS(=O)(=O)[O-])[C@@H](O)[C@H]1O.O[C@@H](CS)[C@@H](O)CS>>Nc1ncnc2c1ncn2[C@@H]1O[C@H](COP(=O)([O-])[O-])[C@@H](O)[C@H]1O.O=S([O-])[O-].O[C@H]1CSSC[C@@H]1O,O=S([O-])[O-].[*]S[*].O[C@H]1CSSC[C@@H]1O>>O=S(=O)([O-])S.O[C@@H](CS)[C@@H](O)CS
119,56.596684,B3GZR9,Thiosulfate sulfurtransferase GlpE,Actinobacillus pleuropneumoniae serotype 7 (strain AP76) OX=537457,12.0,MNXR195009,-,2.8.1.1,3.0,0.0,0.60186,0.776074,1,0.688965,38.0,21.7,28.3,29.3,12383.53,4.2777,48.148,Nc1ncnc2c1ncn2[C@@H]1O[C@H](COP(=O)([O-])OS(=O)(=O)[O-])[C@@H](O)[C@H]1O.O[C@@H](CS)[C@@H](O)CS>>Nc1ncnc2c1ncn2[C@@H]1O[C@H](COP(=O)([O-])[O-])[C@@H](O)[C@H]1O.O=S([O-])[O-].O[C@H]1CSSC[C@@H]1O,O=S([O-])[O-].[*]S[*].O[C@H]1CSSC[C@@H]1O>>O=S(=O)([O-])S.O[C@@H](CS)[C@@H](O)CS
120,56.596684,A0KEH8,Thiosulfate sulfurtransferase GlpE,Aeromonas hydrophila subsp. hydrophila (strain ATCC 7966 / DSM 30187 / BCRC 13018 / CCUG 14551 / JCM 1027 / KCTC 2358 / NCIMB 9240 / NCTC 8049) OX=380703,12.0,MNXR195009,-,2.8.1.1,3.0,0.0,0.60186,0.776074,1,0.688965,44.0,28.6,14.3,30.8,11814.07,4.7475,42.991,Nc1ncnc2c1ncn2[C@@H]1O[C@H](COP(=O)([O-])OS(=O)(=O)[O-])[C@@H](O)[C@H]1O.O[C@@H](CS)[C@@H](O)CS>>Nc1ncnc2c1ncn2[C@@H]1O[C@H](COP(=O)([O-])[O-])[C@@H](O)[C@H]1O.O=S([O-])[O-].O[C@H]1CSSC[C@@H]1O,O=S([O-])[O-].[*]S[*].O[C@H]1CSSC[C@@H]1O>>O=S(=O)([O-])S.O[C@@H](CS)[C@@H](O)CS
121,56.596684,Q9I5U8,Thiosulfate sulfurtransferase GlpE,Pseudomonas aeruginosa (strain ATCC 15692 / DSM 22644 / CIP 104116 / JCM 14847 / LMG 12228 / 1C / PRS 101 / PAO1) OX=208964,12.0,MNXR195009,-,2.8.1.1,3.0,0.0,0.60186,0.776074,1,0.688965,21.3,28.7,24.5,42.6,11963.05,4.2901,46.364,Nc1ncnc2c1ncn2[C@@H]1O[C@H](COP(=O)([O-])OS(=O)(=O)[O-])[C@@H](O)[C@H]1O.O[C@@H](CS)[C@@H](O)CS>>Nc1ncnc2c1ncn2[C@@H]1O[C@H](COP(=O)([O-])[O-])[C@@H](O)[C@H]1O.O=S([O-])[O-].O[C@H]1CSSC[C@@H]1O,O=S([O-])[O-].[*]S[*].O[C@H]1CSSC[C@@H]1O>>O=S(=O)([O-])S.O[C@@H](CS)[C@@H](O)CS
122,56.596684,Q4K4X2,Thiosulfate sulfurtransferase GlpE,Pseudomonas fluorescens (strain ATCC BAA-477 / NRRL B-23932 / Pf-5) OX=220664,12.0,MNXR195009,-,2.8.1.1,3.0,0.0,0.60186,0.776074,1,0.688965,20.4,36.6,21.5,38.7,11925.08,4.4044,46.789,Nc1ncnc2c1ncn2[C@@H]1O[C@H](COP(=O)([O-])OS(=O)(=O)[O-])[C@@H](O)[C@H]1O.O[C@@H](CS)[C@@H](O)CS>>Nc1ncnc2c1ncn2[C@@H]1O[C@H](COP(=O)([O-])[O-])[C@@H](O)[C@H]1O.O=S([O-])[O-].O[C@H]1CSSC[C@@H]1O,O=S([O-])[O-].[*]S[*].O[C@H]1CSSC[C@@H]1O>>O=S(=O)([O-])S.O[C@@H](CS)[C@@H](O)CS
123,56.596684,B0KJ90,Thiosulfate sulfurtransferase GlpE,Pseudomonas putida (strain GB-1) OX=76869,12.0,MNXR195009,-,2.8.1.1,3.0,0.0,0.60186,0.776074,1,0.688965,39.4,29.8,12.8,35.1,11779.03,4.7827,41.818,Nc1ncnc2c1ncn2[C@@H]1O[C@H](COP(=O)([O-])OS(=O)(=O)[O-])[C@@H](O)[C@H]1O.O[C@@H](CS)[C@@H](O)CS>>Nc1ncnc2c1ncn2[C@@H]1O[C@H](COP(=O)([O-])[O-])[C@@H](O)[C@H]1O.O=S([O-])[O-].O[C@H]1CSSC[C@@H]1O,O=S([O-])[O-].[*]S[*].O[C@H]1CSSC[C@@H]1O>>O=S(=O)([O-])S.O[C@@H](CS)[C@@H](O)CS
124,56.596684,B1JE10,Thiosulfate sulfurtransferase GlpE,Pseudomonas putida (strain W619) OX=390235,12.0,MNXR195009,-,2.8.1.1,3.0,0.0,0.60186,0.776074,1,0.688965,32.3,31.2,22.6,31.2,11720.90,4.5521,42.202,Nc1ncnc2c1ncn2[C@@H]1O[C@H](COP(=O)([O-])OS(=O)(=O)[O-])[C@@H](O)[C@H]1O.O[C@@H](CS)[C@@H](O)CS>>Nc1ncnc2c1ncn2[C@@H]1O[C@H](COP(=O)([O-])[O-])[C@@H](O)[C@H]1O.O=S([O-])[O-].O[C@H]1CSSC[C@@H]1O,O=S([O-])[O-].[*]S[*].O[C@H]1CSSC[C@@H]1O>>O=S(=O)([O-])S.O[C@@H](CS)[C@@H](O)CS
125,56.596684,A5VXJ2,Thiosulfate sulfurtransferase GlpE,Pseudomonas putida (strain ATCC 700007 / DSM 6899 / BCRC 17059 / F1) OX=351746,12.0,MNXR195009,-,2.8.1.1,3.0,0.0,0.60186,0.776074,1,0.688965,37.2,28.7,16.0,35.1,11906.17,4.8091,43.636,Nc1ncnc2c1ncn2[C@@H]1O[C@H](COP(=O)([O-])OS(=O)(=O)[O-])[C@@H](O)[C@H]1O.O[C@@H](CS)[C@@H](O)CS>>Nc1ncnc2c1ncn2[C@@H]1O[C@H](COP(=O)([O-])[O-])[C@@H](O)[C@H]1O.O=S([O-])[O-].O[C@H]1CSSC[C@@H]1O,O=S([O-])[O-].[*]S[*].O[C@H]1CSSC[C@@H]1O>>O=S(=O)([O-])S.O[C@@H](CS)[C@@H](O)CS
126,56.596684,B0BRY5,Thiosulfate sulfurtransferase GlpE,Actinobacillus pleuropneumoniae serotype 3 (strain JL03) OX=434271,12.0,MNXR195009,-,2.8.1.1,3.0,0.0,0.60186,0.776074,1,0.688965,34.8,23.9,30.4,28.3,12384.54,4.2783,48.148,Nc1ncnc2c1ncn2[C@@H]1O[C@H](COP(=O)([O-])OS(=O)(=O)[O-])[C@@H](O)[C@H]1O.O[C@@H](CS)[C@@H](O)CS>>Nc1ncnc2c1ncn2[C@@H]1O[C@H](COP(=O)([O-])[O-])[C@@H](O)[C@H]1O.O=S([O-])[O-].O[C@H]1CSSC[C@@H]1O,O=S([O-])[O-].[*]S[*].O[C@H]1CSSC[C@@H]1O>>O=S(=O)([O-])S.O[C@@H](CS)[C@@H](O)CS
127,56.596684,C3K330,Thiosulfate sulfurtransferase GlpE,Pseudomonas fluorescens (strain SBW25) OX=216595,12.0,MNXR195009,-,2.8.1.1,3.0,0.0,0.60186,0.776074,1,0.688965,28.0,36.6,19.4,33.3,11753.93,4.5183,44.037,Nc1ncnc2c1ncn2[C@@H]1O[C@H](COP(=O)([O-])OS(=O)(=O)[O-])[C@@H](O)[C@H]1O.O[C@@H](CS)[C@@H](O)CS>>Nc1ncnc2c1ncn2[C@@H]1O[C@H](COP(=O)([O-])[O-])[C@@H](O)[C@H]1O.O=S([O-])[O-].O[C@H]1CSSC[C@@H]1O,O=S([O-])[O-].[*]S[*].O[C@H]1CSSC[C@@H]1O>>O=S(=O)([O-])S.O[C@@H](CS)[C@@H](O)CS
128,56.596684,A3MYF1,Thiosulfate sulfurtransferase GlpE,Actinobacillus pleuropneumoniae serotype 5b (strain L20) OX=416269,12.0,MNXR195009,-,2.8.1.1,3.0,0.0,0.60186,0.776074,1,0.688965,35.9,22.8,29.3,29.3,12402.57,4.2783,48.148,Nc1ncnc2c1ncn2[C@@H]1O[C@H](COP(=O)([O-])OS(=O)(=O)[O-])[C@@H](O)[C@H]1O.O[C@@H](CS)[C@@H](O)CS>>Nc1ncnc2c1ncn2[C@@H]1O[C@H](COP(=O)([O-])[O-])[C@@H](O)[C@H]1O.O=S([O-])[O-].O[C@H]1CSSC[C@@H]1O,O=S([O-])[O-].[*]S[*].O[C@H]1CSSC[C@@H]1O>>O=S(=O)([O-])S.O[C@@H](CS)[C@@H](O)CS
129,55.596684,Q88A49,Thiosulfate sulfurtransferase GlpE,Pseudomonas syringae pv. tomato (strain ATCC BAA-871 / DC3000) OX=223283,13.0,MNXR195009,-,2.8.1.1,3.0,0.0,0.60186,0.776074,1,0.688965,37.8,26.7,21.1,32.2,11607.74,4.5521,47.170,Nc1ncnc2c1ncn2[C@@H]1O[C@H](COP(=O)([O-])OS(=O)(=O)[O-])[C@@H](O)[C@H]1O.O[C@@H](CS)[C@@H](O)CS>>Nc1ncnc2c1ncn2[C@@H]1O[C@H](COP(=O)([O-])[O-])[C@@H](O)[C@H]1O.O=S([O-])[O-].O[C@H]1CSSC[C@@H]1O,O=S([O-])[O-].[*]S[*].O[C@H]1CSSC[C@@H]1O>>O=S(=O)([O-])S.O[C@@H](CS)[C@@H](O)CS
130,55.135000,Q2JJF6,Vitamin K epoxide reductase homolog,Synechococcus sp. (strain JA-2-3B'a(2-13)) OX=321332,17.0,MNXR108323,MNXR135249_0.44277893094561577_1.0,1.17.4.4,1.0,0.0,0.44470,1.000000,-1,0.722350,27.0,36.0,23.6,19.5,30592.83,6.8752,30.389,Nc1ncnc2c1ncn2[C@@H]1O[C@H](COP(=O)([O-])OS(=O)(=O)[O-])[C@@H](O)[C@H]1O.O[C@@H](CS)[C@@H](O)CS>>Nc1ncnc2c1ncn2[C@@H]1O[C@H](COP(=O)([O-])[O-])[C@@H](O)[C@H]1O.O=S([O-])[O-].O[C@H]1CSSC[C@@H]1O,O[C@@H](CS)[C@@H](O)CS.CC12OC1([*])C(=O)c1ccccc1C2=O>>CC1=C([*])C(=O)c2ccccc2C1=O.O[C@H]1CSSC[C@@H]1O
131,54.596684,Q48NU0,Thiosulfate sulfurtransferase GlpE,Pseudomonas savastanoi pv. phaseolicola (strain 1448A / Race 6) OX=264730,14.0,MNXR195009,-,2.8.1.1,3.0,0.0,0.60186,0.776074,1,0.688965,35.6,33.3,25.6,23.3,11651.88,4.4252,46.226,Nc1ncnc2c1ncn2[C@@H]1O[C@H](COP(=O)([O-])OS(=O)(=O)[O-])[C@@H](O)[C@H]1O.O[C@@H](CS)[C@@H](O)CS>>Nc1ncnc2c1ncn2[C@@H]1O[C@H](COP(=O)([O-])[O-])[C@@H](O)[C@H]1O.O=S([O-])[O-].O[C@H]1CSSC[C@@H]1O,O=S([O-])[O-].[*]S[*].O[C@H]1CSSC[C@@H]1O>>O=S(=O)([O-])S.O[C@@H](CS)[C@@H](O)CS
132,52.796684,A0R4C9,Putative thiosulfate sulfurtransferase,Mycolicibacterium smegmatis (strain ATCC 700084 / mc(2)155) OX=246196,16.0,MNXR195009,-,2.8.1.1,1.0,0.0,0.60186,0.776074,1,0.688965,41.0,19.5,22.2,23.4,30985.45,4.7378,48.736,Nc1ncnc2c1ncn2[C@@H]1O[C@H](COP(=O)([O-])OS(=O)(=O)[O-])[C@@H](O)[C@H]1O.O[C@@H](CS)[C@@H](O)CS>>Nc1ncnc2c1ncn2[C@@H]1O[C@H](COP(=O)([O-])[O-])[C@@H](O)[C@H]1O.O=S([O-])[O-].O[C@H]1CSSC[C@@H]1O,O=S([O-])[O-].[*]S[*].O[C@H]1CSSC[C@@H]1O>>O=S(=O)([O-])S.O[C@@H](CS)[C@@H](O)CS
133,52.596684,P71121,Thiosulfate sulfurtransferase,Corynebacterium glutamicum (strain ATCC 13032 / DSM 20300 / BCRC 11384 / JCM 1318 / LMG 3730 / NCIMB 10025) OX=196627,16.0,MNXR195009,-,2.8.1.1,3.0,0.0,0.60186,0.776074,1,0.688965,28.4,28.4,18.9,29.8,33494.23,4.3434,43.854,Nc1ncnc2c1ncn2[C@@H]1O[C@H](COP(=O)([O-])OS(=O)(=O)[O-])[C@@H](O)[C@H]1O.O[C@@H](CS)[C@@H](O)CS>>Nc1ncnc2c1ncn2[C@@H]1O[C@H](COP(=O)([O-])[O-])[C@@H](O)[C@H]1O.O=S([O-])[O-].O[C@H]1CSSC[C@@H]1O,O=S([O-])[O-].[*]S[*].O[C@H]1CSSC[C@@H]1O>>O=S(=O)([O-])S.O[C@@H](CS)[C@@H](O)CS
134,52.596684,P46700,Putative thiosulfate sulfurtransferase SseA,Mycobacterium leprae (strain TN) OX=272631,16.0,MNXR195009,-,2.8.1.1,3.0,0.0,0.60186,0.776074,1,0.688965,16.4,34.6,27.1,27.5,33235.48,5.2019,44.932,Nc1ncnc2c1ncn2[C@@H]1O[C@H](COP(=O)([O-])OS(=O)(=O)[O-])[C@@H](O)[C@H]1O.O[C@@H](CS)[C@@H](O)CS>>Nc1ncnc2c1ncn2[C@@H]1O[C@H](COP(=O)([O-])[O-])[C@@H](O)[C@H]1O.O=S([O-])[O-].O[C@H]1CSSC[C@@H]1O,O=S([O-])[O-].[*]S[*].O[C@H]1CSSC[C@@H]1O>>O=S(=O)([O-])S.O[C@@H](CS)[C@@H](O)CS
135,51.796684,P9WHF5,Putative thiosulfate sulfurtransferase SseB,Mycobacterium tuberculosis (strain ATCC 25618 / H37Rv) OX=83332,17.0,MNXR195009,-,2.8.1.1,1.0,0.0,0.60186,0.776074,1,0.688965,22.4,35.8,20.1,27.6,29399.95,5.0538,36.972,Nc1ncnc2c1ncn2[C@@H]1O[C@H](COP(=O)([O-])OS(=O)(=O)[O-])[C@@H](O)[C@H]1O.O[C@@H](CS)[C@@H](O)CS>>Nc1ncnc2c1ncn2[C@@H]1O[C@H](COP(=O)([O-])[O-])[C@@H](O)[C@H]1O.O=S([O-])[O-].O[C@H]1CSSC[C@@H]1O,O=S([O-])[O-].[*]S[*].O[C@H]1CSSC[C@@H]1O>>O=S(=O)([O-])S.O[C@@H](CS)[C@@H](O)CS
136,51.796684,P9WHF9,Putative thiosulfate sulfurtransferase,Mycobacterium tuberculosis (strain ATCC 25618 / H37Rv) OX=83332,17.0,MNXR195009,-,2.8.1.1,1.0,0.0,0.60186,0.776074,1,0.688965,37.2,23.4,21.1,24.5,31014.56,4.9545,47.292,Nc1ncnc2c1ncn2[C@@H]1O[C@H](COP(=O)([O-])OS(=O)(=O)[O-])[C@@H](O)[C@H]1O.O[C@@H](CS)[C@@H](O)CS>>Nc1ncnc2c1ncn2[C@@H]1O[C@H](COP(=O)([O-])[O-])[C@@H](O)[C@H]1O.O=S([O-])[O-].O[C@H]1CSSC[C@@H]1O,O=S([O-])[O-].[*]S[*].O[C@H]1CSSC[C@@H]1O>>O=S(=O)([O-])S.O[C@@H](CS)[C@@H](O)CS
137,51.596684,P9WHF4,Putative thiosulfate sulfurtransferase SseB,Mycobacterium tuberculosis (strain CDC 1551 / Oshkosh) OX=83331,17.0,MNXR195009,-,2.8.1.1,3.0,0.0,0.60186,0.776074,1,0.688965,22.4,35.8,20.1,27.6,29399.95,5.0538,36.972,Nc1ncnc2c1ncn2[C@@H]1O[C@H](COP(=O)([O-])OS(=O)(=O)[O-])[C@@H](O)[C@H]1O.O[C@@H](CS)[C@@H](O)CS>>Nc1ncnc2c1ncn2[C@@H]1O[C@H](COP(=O)([O-])[O-])[C@@H](O)[C@H]1O.O=S([O-])[O-].O[C@H]1CSSC[C@@H]1O,O=S([O-])[O-].[*]S[*].O[C@H]1CSSC[C@@H]1O>>O=S(=O)([O-])S.O[C@@H](CS)[C@@H](O)CS
138,51.596684,P9WHF8,Putative thiosulfate sulfurtransferase,Mycobacterium tuberculosis (strain CDC 1551 / Oshkosh) OX=83331,17.0,MNXR195009,-,2.8.1.1,3.0,0.0,0.60186,0.776074,1,0.688965,37.2,23.4,21.1,24.5,31014.56,4.9545,47.292,Nc1ncnc2c1ncn2[C@@H]1O[C@H](COP(=O)([O-])OS(=O)(=O)[O-])[C@@H](O)[C@H]1O.O[C@@H](CS)[C@@H](O)CS>>Nc1ncnc2c1ncn2[C@@H]1O[C@H](COP(=O)([O-])[O-])[C@@H](O)[C@H]1O.O=S([O-])[O-].O[C@H]1CSSC[C@@H]1O,O=S([O-])[O-].[*]S[*].O[C@H]1CSSC[C@@H]1O>>O=S(=O)([O-])S.O[C@@H](CS)[C@@H](O)CS
139,50.596684,Q7TWT6,Putative thiosulfate sulfurtransferase SseA,Mycobacterium bovis (strain ATCC BAA-935 / AF2122/97) OX=233413,18.0,MNXR195009,-,2.8.1.1,3.0,0.0,0.60186,0.776074,1,0.688965,26.7,27.4,24.2,27.4,33378.50,4.7381,42.761,Nc1ncnc2c1ncn2[C@@H]1O[C@H](COP(=O)([O-])OS(=O)(=O)[O-])[C@@H](O)[C@H]1O.O[C@@H](CS)[C@@H](O)CS>>Nc1ncnc2c1ncn2[C@@H]1O[C@H](COP(=O)([O-])[O-])[C@@H](O)[C@H]1O.O=S([O-])[O-].O[C@H]1CSSC[C@@H]1O,O=S([O-])[O-].[*]S[*].O[C@H]1CSSC[C@@H]1O>>O=S(=O)([O-])S.O[C@@H](CS)[C@@H](O)CS
140,46.796684,Q08686,Thiosulfate sulfurtransferase TUM1,Saccharomyces cerevisiae (strain ATCC 204508 / S288c) OX=559292,22.0,MNXR195009,-,2.8.1.1,1.0,0.0,0.60186,0.776074,1,0.688965,35.1,25.7,22.9,21.9,34218.98,5.9264,45.395,Nc1ncnc2c1ncn2[C@@H]1O[C@H](COP(=O)([O-])OS(=O)(=O)[O-])[C@@H](O)[C@H]1O.O[C@@H](CS)[C@@H](O)CS>>Nc1ncnc2c1ncn2[C@@H]1O[C@H](COP(=O)([O-])[O-])[C@@H](O)[C@H]1O.O=S([O-])[O-].O[C@H]1CSSC[C@@H]1O,O=S([O-])[O-].[*]S[*].O[C@H]1CSSC[C@@H]1O>>O=S(=O)([O-])S.O[C@@H](CS)[C@@H](O)CS
141,46.796684,Q08742,Thiosulfate sulfurtransferase RDL2; mitochondrial,Saccharomyces cerevisiae (strain ATCC 204508 / S288c) OX=559292,22.0,MNXR195009,-,2.8.1.1,1.0,0.0,0.60186,0.776074,1,0.688965,47.4,25.6,12.8,26.3,16697.38,10.2614,47.651,Nc1ncnc2c1ncn2[C@@H]1O[C@H](COP(=O)([O-])OS(=O)(=O)[O-])[C@@H](O)[C@H]1O.O[C@@H](CS)[C@@H](O)CS>>Nc1ncnc2c1ncn2[C@@H]1O[C@H](COP(=O)([O-])[O-])[C@@H](O)[C@H]1O.O=S([O-])[O-].O[C@H]1CSSC[C@@H]1O,O=S([O-])[O-].[*]S[*].O[C@H]1CSSC[C@@H]1O>>O=S(=O)([O-])S.O[C@@H](CS)[C@@H](O)CS
142,39.796684,O64530,Thiosulfate/3-mercaptopyruvate sulfurtransferase 1; mitochondrial,Arabidopsis thaliana OX=3702,29.0,MNXR195009,-,2.8.1.1,1.0,0.0,0.60186,0.776074,1,0.688965,31.1,18.2,24.0,31.1,41893.39,6.3517,46.966,Nc1ncnc2c1ncn2[C@@H]1O[C@H](COP(=O)([O-])OS(=O)(=O)[O-])[C@@H](O)[C@H]1O.O[C@@H](CS)[C@@H](O)CS>>Nc1ncnc2c1ncn2[C@@H]1O[C@H](COP(=O)([O-])[O-])[C@@H](O)[C@H]1O.O=S([O-])[O-].O[C@H]1CSSC[C@@H]1O,O=S([O-])[O-].[*]S[*].O[C@H]1CSSC[C@@H]1O>>O=S(=O)([O-])S.O[C@@H](CS)[C@@H](O)CS
143,39.696684,Q38853,Rhodanese-like domain-containing protein 15; chloroplastic,Arabidopsis thaliana OX=3702,29.0,MNXR195009,-,2.8.1.1,2.0,0.0,0.60186,0.776074,1,0.688965,21.7,27.7,30.7,29.5,20078.79,9.2059,46.703,Nc1ncnc2c1ncn2[C@@H]1O[C@H](COP(=O)([O-])OS(=O)(=O)[O-])[C@@H](O)[C@H]1O.O[C@@H](CS)[C@@H](O)CS>>Nc1ncnc2c1ncn2[C@@H]1O[C@H](COP(=O)([O-])[O-])[C@@H](O)[C@H]1O.O=S([O-])[O-].O[C@H]1CSSC[C@@H]1O,O=S([O-])[O-].[*]S[*].O[C@H]1CSSC[C@@H]1O>>O=S(=O)([O-])S.O[C@@H](CS)[C@@H](O)CS
144,35.035000,Q6B4J2,Vitamin K epoxide reductase complex subunit 1,Bos taurus OX=9913,37.0,MNXR108323,-,1.17.4.4,2.0,0.0,0.44470,1.000000,-1,0.722350,15.6,55.8,31.3,8.2,17967.22,9.3714,33.129,Nc1ncnc2c1ncn2[C@@H]1O[C@H](COP(=O)([O-])OS(=O)(=O)[O-])[C@@H](O)[C@H]1O.O[C@@H](CS)[C@@H](O)CS>>Nc1ncnc2c1ncn2[C@@H]1O[C@H](COP(=O)([O-])[O-])[C@@H](O)[C@H]1O.O=S([O-])[O-].O[C@H]1CSSC[C@@H]1O,O[C@@H](CS)[C@@H](O)CS.CC12OC1([*])C(=O)c1ccccc1C2=O>>CC1=C([*])C(=O)c2ccccc2C1=O.O[C@H]1CSSC[C@@H]1O
145,34.135000,Q6TEK3,Vitamin K epoxide reductase complex subunit 1-like protein 1,Rattus norvegicus OX=10116,38.0,MNXR108323,-,1.17.4.4,1.0,0.0,0.44470,1.000000,-1,0.722350,43.1,40.6,13.8,12.5,19778.51,9.1438,31.818,Nc1ncnc2c1ncn2[C@@H]1O[C@H](COP(=O)([O-])OS(=O)(=O)[O-])[C@@H](O)[C@H]1O.O[C@@H](CS)[C@@H](O)CS>>Nc1ncnc2c1ncn2[C@@H]1O[C@H](COP(=O)([O-])[O-])[C@@H](O)[C@H]1O.O=S([O-])[O-].O[C@H]1CSSC[C@@H]1O,O[C@@H](CS)[C@@H](O)CS.CC12OC1([*])C(=O)c1ccccc1C2=O>>CC1=C([*])C(=O)c2ccccc2C1=O.O[C@H]1CSSC[C@@H]1O
146,34.135000,Q6TEK4,Vitamin K epoxide reductase complex subunit 1,Rattus norvegicus OX=10116,38.0,MNXR108323,MNXR135249_0.44277893094561577_1.0,1.17.4.4,1.0,0.0,0.44470,1.000000,-1,0.722350,30.3,45.5,26.9,8.3,17783.12,9.5677,33.540,Nc1ncnc2c1ncn2[C@@H]1O[C@H](COP(=O)([O-])OS(=O)(=O)[O-])[C@@H](O)[C@H]1O.O[C@@H](CS)[C@@H](O)CS>>Nc1ncnc2c1ncn2[C@@H]1O[C@H](COP(=O)([O-])[O-])[C@@H](O)[C@H]1O.O=S([O-])[O-].O[C@H]1CSSC[C@@H]1O,O[C@@H](CS)[C@@H](O)CS.CC12OC1([*])C(=O)c1ccccc1C2=O>>CC1=C([*])C(=O)c2ccccc2C1=O.O[C@H]1CSSC[C@@H]1O
147,33.135000,Q8N0U8,Vitamin K epoxide reductase complex subunit 1-like protein 1,Homo sapiens OX=9606,39.0,MNXR108323,MNXR135249_0.44277893094561577_1.0,1.17.4.4,1.0,0.0,0.44470,1.000000,-1,0.722350,43.1,38.8,14.4,13.8,19835.67,9.3529,31.250,Nc1ncnc2c1ncn2[C@@H]1O[C@H](COP(=O)([O-])OS(=O)(=O)[O-])[C@@H](O)[C@H]1O.O[C@@H](CS)[C@@H](O)CS>>Nc1ncnc2c1ncn2[C@@H]1O[C@H](COP(=O)([O-])[O-])[C@@H](O)[C@H]1O.O=S([O-])[O-].O[C@H]1CSSC[C@@H]1O,O[C@@H](CS)[C@@H](O)CS.CC12OC1([*])C(=O)c1ccccc1C2=O>>CC1=C([*])C(=O)c2ccccc2C1=O.O[C@H]1CSSC[C@@H]1O
148,33.135000,Q9CRC0,Vitamin K epoxide reductase complex subunit 1,Mus musculus OX=10090,39.0,MNXR108323,MNXR135249_0.44277893094561577_1.0,1.17.4.4,1.0,0.0,0.44470,1.000000,-1,0.722350,30.3,53.8,20.0,6.9,17768.06,9.3355,34.161,Nc1ncnc2c1ncn2[C@@H]1O[C@H](COP(=O)([O-])OS(=O)(=O)[O-])[C@@H](O)[C@H]1O.O[C@@H](CS)[C@@H](O)CS>>Nc1ncnc2c1ncn2[C@@H]1O[C@H](COP(=O)([O-])[O-])[C@@H](O)[C@H]1O.O=S([O-])[O-].O[C@H]1CSSC[C@@H]1O,O[C@@H](CS)[C@@H](O)CS.CC12OC1([*])C(=O)c1ccccc1C2=O>>CC1=C([*])C(=O)c2ccccc2C1=O.O[C@H]1CSSC[C@@H]1O
149,33.135000,Q9BQB6,Vitamin K epoxide reductase complex subunit 1,Homo sapiens OX=9606,39.0,MNXR108323,MNXR135249_0.44277893094561577_1.0,1.17.4.4,1.0,0.0,0.44470,1.000000,-1,0.722350,20.4,53.1,27.2,10.2,18234.52,9.5802,35.583,Nc1ncnc2c1ncn2[C@@H]1O[C@H](COP(=O)([O-])OS(=O)(=O)[O-])[C@@H](O)[C@H]1O.O[C@@H](CS)[C@@H](O)CS>>Nc1ncnc2c1ncn2[C@@H]1O[C@H](COP(=O)([O-])[O-])[C@@H](O)[C@H]1O.O=S([O-])[O-].O[C@H]1CSSC[C@@H]1O,O[C@@H](CS)[C@@H](O)CS.CC12OC1([*])C(=O)c1ccccc1C2=O>>CC1=C([*])C(=O)c2ccccc2C1=O.O[C@H]1CSSC[C@@H]1O
150,33.135000,Q6TEK5,Vitamin K epoxide reductase complex subunit 1-like protein 1,Mus musculus OX=10090,39.0,MNXR108323,MNXR135249_0.44277893094561577_1.0,1.17.4.4,1.0,0.0,0.44470,1.000000,-1,0.722350,43.1,40.6,13.8,12.5,19778.51,9.1438,31.818,Nc1ncnc2c1ncn2[C@@H]1O[C@H](COP(=O)([O-])OS(=O)(=O)[O-])[C@@H](O)[C@H]1O.O[C@@H](CS)[C@@H](O)CS>>Nc1ncnc2c1ncn2[C@@H]1O[C@H](COP(=O)([O-])[O-])[C@@H](O)[C@H]1O.O=S([O-])[O-].O[C@H]1CSSC[C@@H]1O,O[C@@H](CS)[C@@H](O)CS.CC12OC1([*])C(=O)c1ccccc1C2=O>>CC1=C([*])C(=O)c2ccccc2C1=O.O[C@H]1CSSC[C@@H]1O
151,31.135000,Q6TEK8,Vitamin K epoxide reductase complex subunit 1-like protein 1,Takifugu rubripes OX=31033,41.0,MNXR108323,-,1.17.4.4,1.0,0.0,0.44470,1.000000,-1,0.722350,35.8,45.9,18.2,10.1,19582.21,9.3532,34.286,Nc1ncnc2c1ncn2[C@@H]1O[C@H](COP(=O)([O-])OS(=O)(=O)[O-])[C@@H](O)[C@H]1O.O[C@@H](CS)[C@@H](O)CS>>Nc1ncnc2c1ncn2[C@@H]1O[C@H](COP(=O)([O-])[O-])[C@@H](O)[C@H]1O.O=S([O-])[O-].O[C@H]1CSSC[C@@H]1O,O[C@@H](CS)[C@@H](O)CS.CC12OC1([*])C(=O)c1ccccc1C2=O>>CC1=C([*])C(=O)c2ccccc2C1=O.O[C@H]1CSSC[C@@H]1O
152,30.696684,P46635,Thiosulfate sulfurtransferase,Cricetulus griseus OX=10029,38.0,MNXR195009,-,2.8.1.1,2.0,0.0,0.60186,0.776074,1,0.688965,26.0,20.3,26.3,33.1,33336.62,6.7928,45.791,Nc1ncnc2c1ncn2[C@@H]1O[C@H](COP(=O)([O-])OS(=O)(=O)[O-])[C@@H](O)[C@H]1O.O[C@@H](CS)[C@@H](O)CS>>Nc1ncnc2c1ncn2[C@@H]1O[C@H](COP(=O)([O-])[O-])[C@@H](O)[C@H]1O.O=S([O-])[O-].O[C@H]1CSSC[C@@H]1O,O=S([O-])[O-].[*]S[*].O[C@H]1CSSC[C@@H]1O>>O=S(=O)([O-])S.O[C@@H](CS)[C@@H](O)CS
153,29.796684,P52196,Thiosulfate sulfurtransferase,Mus musculus OX=10090,39.0,MNXR195009,-,2.8.1.1,1.0,0.0,0.60186,0.776074,1,0.688965,25.6,21.4,28.1,30.6,33465.91,7.9920,45.791,Nc1ncnc2c1ncn2[C@@H]1O[C@H](COP(=O)([O-])OS(=O)(=O)[O-])[C@@H](O)[C@H]1O.O[C@@H](CS)[C@@H](O)CS>>Nc1ncnc2c1ncn2[C@@H]1O[C@H](COP(=O)([O-])[O-])[C@@H](O)[C@H]1O.O=S([O-])[O-].O[C@H]1CSSC[C@@H]1O,O=S([O-])[O-].[*]S[*].O[C@H]1CSSC[C@@H]1O>>O=S(=O)([O-])S.O[C@@H](CS)[C@@H](O)CS
154,29.796684,Q16762,Thiosulfate sulfurtransferase,Homo sapiens OX=9606,39.0,MNXR195009,-,2.8.1.1,1.0,0.0,0.60186,0.776074,1,0.688965,35.2,18.1,21.7,30.6,33428.94,7.2833,44.781,Nc1ncnc2c1ncn2[C@@H]1O[C@H](COP(=O)([O-])OS(=O)(=O)[O-])[C@@H](O)[C@H]1O.O[C@@H](CS)[C@@H](O)CS>>Nc1ncnc2c1ncn2[C@@H]1O[C@H](COP(=O)([O-])[O-])[C@@H](O)[C@H]1O.O=S([O-])[O-].O[C@H]1CSSC[C@@H]1O,O=S([O-])[O-].[*]S[*].O[C@H]1CSSC[C@@H]1O>>O=S(=O)([O-])S.O[C@@H](CS)[C@@H](O)CS
155,29.796684,Q8NFU3,Thiosulfate:glutathione sulfurtransferase,Homo sapiens OX=9606,39.0,MNXR195009,-,2.8.1.1,1.0,0.0,0.60186,0.776074,1,0.688965,61.6,21.2,7.1,26.3,12530.25,5.9074,41.739,Nc1ncnc2c1ncn2[C@@H]1O[C@H](COP(=O)([O-])OS(=O)(=O)[O-])[C@@H](O)[C@H]1O.O[C@@H](CS)[C@@H](O)CS>>Nc1ncnc2c1ncn2[C@@H]1O[C@H](COP(=O)([O-])[O-])[C@@H](O)[C@H]1O.O=S([O-])[O-].O[C@H]1CSSC[C@@H]1O,O=S([O-])[O-].[*]S[*].O[C@H]1CSSC[C@@H]1O>>O=S(=O)([O-])S.O[C@@H](CS)[C@@H](O)CS
156,-inf,Q15ZU3,Thiosulfate sulfurtransferase GlpE,Pseudoalteromonas atlantica (strain T6c / ATCC BAA-1087) OX=342610,inf,MNXR195009,-,2.8.1.1,3.0,0.0,0.60186,0.776074,1,0.688965,56.7,14.4,20.0,26.7,11834.13,4.3531,48.113,Nc1ncnc2c1ncn2[C@@H]1O[C@H](COP(=O)([O-])OS(=O)(=O)[O-])[C@@H](O)[C@H]1O.O[C@@H](CS)[C@@H](O)CS>>Nc1ncnc2c1ncn2[C@@H]1O[C@H](COP(=O)([O-])[O-])[C@@H](O)[C@H]1O.O=S([O-])[O-].O[C@H]1CSSC[C@@H]1O,O=S([O-])[O-].[*]S[*].O[C@H]1CSSC[C@@H]1O>>O=S(=O)([O-])S.O[C@@H](CS)[C@@H](O)CS
157,NaN,Q9L9V0,NaN,Allochromatium vinosum,10.0,MNXR152999,MNXR153000_0.6260772499802167_0.9999999999999999|MNXR153001_0.6260772499802167_0.9999999999999999|MNXR153002_0.6260772499802167_0.9999999999999999|MNXR176244_0.6260772499802167_0.9999999999999999,1.8.4.10,NaN,0.0,0.64434,1.000000,1,0.822170,-,-,-,-,-,-,-,Nc1ncnc2c1ncn2[C@@H]1O[C@H](COP(=O)([O-])OS(=O)(=O)[O-])[C@@H](O)[C@H]1O.O[C@@H](CS)[C@@H](O)CS>>Nc1ncnc2c1ncn2[C@@H]1O[C@H](COP(=O)([O-])[O-])[C@@H](O)[C@H]1O.O=S([O-])[O-].O[C@H]1CSSC[C@@H]1O,O=S([O-])[O-].Nc1ncnc2c1ncn2[C@@H]1O[C@H](COP(=O)([O-])[O-])[C@@H](O)[C@H]1O.[*]N[C@@H](CSSC[C@H](N[*])C([*])=O)C([*])=O>>[*]N[C@@H](CS)C(=O)N[C@@H]([*])C(=O)N[C@@H]([*])C(=O)N[C@@H](CS)C([*])=O.Nc1ncnc2c1ncn2[C@@H]1O[C@H](COP(=O)([O-])OS(=O)(=O)[O-])[C@@H](O)[C@H]1O
158,NaN,P71752,NaN,Mycobacterium tuberculosis,16.0,MNXR152999,MNXR153000_0.6260772499802167_0.9999999999999999|MNXR153001_0.6260772499802167_0.9999999999999999|MNXR153002_0.6260772499802167_0.9999999999999999|MNXR176244_0.6260772499802167_0.9999999999999999,1.8.4.10,NaN,0.0,0.64434,1.000000,1,0.822170,-,-,-,-,-,-,-,Nc1ncnc2c1ncn2[C@@H]1O[C@H](COP(=O)([O-])OS(=O)(=O)[O-])[C@@H](O)[C@H]1O.O[C@@H](CS)[C@@H](O)CS>>Nc1ncnc2c1ncn2[C@@H]1O[C@H](COP(=O)([O-])[O-])[C@@H](O)[C@H]1O.O=S([O-])[O-].O[C@H]1CSSC[C@@H]1O,O=S([O-])[O-].Nc1ncnc2c1ncn2[C@@H]1O[C@H](COP(=O)([O-])[O-])[C@@H](O)[C@H]1O.[*]N[C@@H](CSSC[C@H](N[*])C([*])=O)C([*])=O>>[*]N[C@@H](CS)C(=O)N[C@@H]([*])C(=O)N[C@@H]([*])C(=O)N[C@@H](CS)C([*])=O.Nc1ncnc2c1ncn2[C@@H]1O[C@H](COP(=O)([O-])OS(=O)(=O)[O-])[C@@H](O)[C@H]1O
159,NaN,Q8L5D0,NaN,Physcomitrium patens,22.0,MNXR152999,MNXR153000_0.6260772499802167_0.9999999999999999|MNXR153001_0.6260772499802167_0.9999999999999999|MNXR153002_0.6260772499802167_0.9999999999999999|MNXR176244_0.6260772499802167_0.9999999999999999,1.8.4.10,NaN,0.0,0.64434,1.000000,1,0.822170,-,-,-,-,-,-,-,Nc1ncnc2c1ncn2[C@@H]1O[C@H](COP(=O)([O-])OS(=O)(=O)[O-])[C@@H](O)[C@H]1O.O[C@@H](CS)[C@@H](O)CS>>Nc1ncnc2c1ncn2[C@@H]1O[C@H](COP(=O)([O-])[O-])[C@@H](O)[C@H]1O.O=S([O-])[O-].O[C@H]1CSSC[C@@H]1O,O=S([O-])[O-].Nc1ncnc2c1ncn2[C@@H]1O[C@H](COP(=O)([O-])[O-])[C@@H](O)[C@H]1O.[*]N[C@@H](CSSC[C@H](N[*])C([*])=O)C([*])=O>>[*]N[C@@H](CS)C(=O)N[C@@H]([*])C(=O)N[C@@H]([*])C(=O)N[C@@H](CS)C([*])=O.Nc1ncnc2c1ncn2[C@@H]1O[C@H](COP(=O)([O-])OS(=O)(=O)[O-])[C@@H](O)[C@H]1O
160,NaN,Q39619,NaN,Catharanthus roseus,31.0,MNXR152999,MNXR153000_0.6260772499802167_0.9999999999999999|MNXR153001_0.6260772499802167_0.9999999999999999|MNXR153002_0.6260772499802167_0.9999999999999999|MNXR176244_0.6260772499802167_0.9999999999999999,1.8.4.10,NaN,0.0,0.64434,1.000000,1,0.822170,-,-,-,-,-,-,-,Nc1ncnc2c1ncn2[C@@H]1O[C@H](COP(=O)([O-])OS(=O)(=O)[O-])[C@@H](O)[C@H]1O.O[C@@H](CS)[C@@H](O)CS>>Nc1ncnc2c1ncn2[C@@H]1O[C@H](COP(=O)([O-])[O-])[C@@H](O)[C@H]1O.O=S([O-])[O-].O[C@H]1CSSC[C@@H]1O,O=S([O-])[O-].Nc1ncnc2c1ncn2[C@@H]1O[C@H](COP(=O)([O-])[O-])[C@@H](O)[C@H]1O.[*]N[C@@H](CSSC[C@H](N[*])C([*])=O)C([*])=O>>[*]N[C@@H](CS)C(=O)N[C@@H]([*])C(=O)N[C@@H]([*])C(=O)N[C@@H](CS)C([*])=O.Nc1ncnc2c1ncn2[C@@H]1O[C@H](COP(=O)([O-])OS(=O)(=O)[O-])[C@@H](O)[C@H]1O
161,NaN,O33997,NaN,Allochromatium vinosum,10.0,MNXR106720,MNXR115674_0.5892556509887896_0.9999999999999999|MNXR172284_0.5892556509887896_0.9999999999999999|MNXR189464_0.5892556509887896_0.9999999999999999|MNXR189465_0.5892556509887896_0.9999999999999999,1.8.99.2,NaN,0.0,0.58926,1.000000,1,0.794628,-,-,-,-,-,-,-,Nc1ncnc2c1ncn2[C@@H]1O[C@H](COP(=O)([O-])OS(=O)(=O)[O-])[C@@H](O)[C@H]1O.O[C@@H](CS)[C@@H](O)CS>>Nc1ncnc2c1ncn2[C@@H]1O[C@H](COP(=O)([O-])[O-])[C@@H](O)[C@H]1O.O=S([O-])[O-].O[C@H]1CSSC[C@@H]1O,O=S([O-])[O-].Nc1ncnc2c1ncn2[C@@H]1O[C@H](COP(=O)([O-])[O-])[C@@H](O)[C@H]1O>>Nc1ncnc2c1ncn2[C@@H]1O[C@H](COP(=O)([O-])OS(=O)(=O)[O-])[C@@H](O)[C@H]1O
162,NaN,O33996,NaN,Allochromatium vinosum,10.0,MNXR106720,MNXR115674_0.5892556509887896_0.9999999999999999|MNXR172284_0.5892556509887896_0.9999999999999999|MNXR189464_0.5892556509887896_0.9999999999999999|MNXR189465_0.5892556509887896_0.9999999999999999,1.8.99.2,NaN,0.0,0.58926,1.000000,1,0.794628,-,-,-,-,-,-,-,Nc1ncnc2c1ncn2[C@@H]1O[C@H](COP(=O)([O-])OS(=O)(=O)[O-])[C@@H](O)[C@H]1O.O[C@@H](CS)[C@@H](O)CS>>Nc1ncnc2c1ncn2[C@@H]1O[C@H](COP(=O)([O-])[O-])[C@@H](O)[C@H]1O.O=S([O-])[O-].O[C@H]1CSSC[C@@H]1O,O=S([O-])[O-].Nc1ncnc2c1ncn2[C@@H]1O[C@H](COP(=O)([O-])[O-])[C@@H](O)[C@H]1O>>Nc1ncnc2c1ncn2[C@@H]1O[C@H](COP(=O)([O-])OS(=O)(=O)[O-])[C@@H](O)[C@H]1O
163,NaN,A8JZC1,NaN,Thiocapsa roseopersicina,10.0,MNXR106720,MNXR115674_0.5892556509887896_0.9999999999999999|MNXR172284_0.5892556509887896_0.9999999999999999|MNXR189464_0.5892556509887896_0.9999999999999999|MNXR189465_0.5892556509887896_0.9999999999999999,1.8.99.2,NaN,0.0,0.58926,1.000000,1,0.794628,-,-,-,-,-,-,-,Nc1ncnc2c1ncn2[C@@H]1O[C@H](COP(=O)([O-])OS(=O)(=O)[O-])[C@@H](O)[C@H]1O.O[C@@H](CS)[C@@H](O)CS>>Nc1ncnc2c1ncn2[C@@H]1O[C@H](COP(=O)([O-])[O-])[C@@H](O)[C@H]1O.O=S([O-])[O-].O[C@H]1CSSC[C@@H]1O,O=S([O-])[O-].Nc1ncnc2c1ncn2[C@@H]1O[C@H](COP(=O)([O-])[O-])[C@@H](O)[C@H]1O>>Nc1ncnc2c1ncn2[C@@H]1O[C@H](COP(=O)([O-])OS(=O)(=O)[O-])[C@@H](O)[C@H]1O
164,NaN,A8JZC0,NaN,Thiocapsa roseopersicina,10.0,MNXR106720,MNXR115674_0.5892556509887896_0.9999999999999999|MNXR172284_0.5892556509887896_0.9999999999999999|MNXR189464_0.5892556509887896_0.9999999999999999|MNXR189465_0.5892556509887896_0.9999999999999999,1.8.99.2,NaN,0.0,0.58926,1.000000,1,0.794628,-,-,-,-,-,-,-,Nc1ncnc2c1ncn2[C@@H]1O[C@H](COP(=O)([O-])OS(=O)(=O)[O-])[C@@H](O)[C@H]1O.O[C@@H](CS)[C@@H](O)CS>>Nc1ncnc2c1ncn2[C@@H]1O[C@H](COP(=O)([O-])[O-])[C@@H](O)[C@H]1O.O=S([O-])[O-].O[C@H]1CSSC[C@@H]1O,O=S([O-])[O-].Nc1ncnc2c1ncn2[C@@H]1O[C@H](COP(=O)([O-])[O-])[C@@H](O)[C@H]1O>>Nc1ncnc2c1ncn2[C@@H]1O[C@H](COP(=O)([O-])OS(=O)(=O)[O-])[C@@H](O)[C@H]1O
165,NaN,Q9L768,NaN,Desulfovibrio desulfuricans,14.0,MNXR106720,MNXR115674_0.5892556509887896_0.9999999999999999|MNXR172284_0.5892556509887896_0.9999999999999999|MNXR189464_0.5892556509887896_0.9999999999999999|MNXR189465_0.5892556509887896_0.9999999999999999,1.8.99.2,NaN,0.0,0.58926,1.000000,1,0.794628,-,-,-,-,-,-,-,Nc1ncnc2c1ncn2[C@@H]1O[C@H](COP(=O)([O-])OS(=O)(=O)[O-])[C@@H](O)[C@H]1O.O[C@@H](CS)[C@@H](O)CS>>Nc1ncnc2c1ncn2[C@@H]1O[C@H](COP(=O)([O-])[O-])[C@@H](O)[C@H]1O.O=S([O-])[O-].O[C@H]1CSSC[C@@H]1O,O=S([O-])[O-].Nc1ncnc2c1ncn2[C@@H]1O[C@H](COP(=O)([O-])[O-])[C@@H](O)[C@H]1O>>Nc1ncnc2c1ncn2[C@@H]1O[C@H](COP(=O)([O-])OS(=O)(=O)[O-])[C@@H](O)[C@H]1O
166,NaN,Q72DT2,NaN,Desulfovibrio vulgaris,14.0,MNXR106720,MNXR115674_0.5892556509887896_0.9999999999999999|MNXR172284_0.5892556509887896_0.9999999999999999|MNXR189464_0.5892556509887896_0.9999999999999999|MNXR189465_0.5892556509887896_0.9999999999999999,1.8.99.2,NaN,0.0,0.58926,1.000000,1,0.794628,-,-,-,-,-,-,-,Nc1ncnc2c1ncn2[C@@H]1O[C@H](COP(=O)([O-])OS(=O)(=O)[O-])[C@@H](O)[C@H]1O.O[C@@H](CS)[C@@H](O)CS>>Nc1ncnc2c1ncn2[C@@H]1O[C@H](COP(=O)([O-])[O-])[C@@H](O)[C@H]1O.O=S([O-])[O-].O[C@H]1CSSC[C@@H]1O,O=S([O-])[O-].Nc1ncnc2c1ncn2[C@@H]1O[C@H](COP(=O)([O-])[O-])[C@@H](O)[C@H]1O>>Nc1ncnc2c1ncn2[C@@H]1O[C@H](COP(=O)([O-])OS(=O)(=O)[O-])[C@@H](O)[C@H]1O
167,NaN,Q72DT3,NaN,Desulfovibrio vulgaris,14.0,MNXR106720,MNXR115674_0.5892556509887896_0.9999999999999999|MNXR172284_0.5892556509887896_0.9999999999999999|MNXR189464_0.5892556509887896_0.9999999999999999|MNXR189465_0.5892556509887896_0.9999999999999999,1.8.99.2,NaN,0.0,0.58926,1.000000,1,0.794628,-,-,-,-,-,-,-,Nc1ncnc2c1ncn2[C@@H]1O[C@H](COP(=O)([O-])OS(=O)(=O)[O-])[C@@H](O)[C@H]1O.O[C@@H](CS)[C@@H](O)CS>>Nc1ncnc2c1ncn2[C@@H]1O[C@H](COP(=O)([O-])[O-])[C@@H](O)[C@H]1O.O=S([O-])[O-].O[C@H]1CSSC[C@@H]1O,O=S([O-])[O-].Nc1ncnc2c1ncn2[C@@H]1O[C@H](COP(=O)([O-])[O-])[C@@H](O)[C@H]1O>>Nc1ncnc2c1ncn2[C@@H]1O[C@H](COP(=O)([O-])OS(=O)(=O)[O-])[C@@H](O)[C@H]1O
168,NaN,B8PS61,NaN,Desulfovibrio vulgaris,14.0,MNXR106720,MNXR115674_0.5892556509887896_0.9999999999999999|MNXR172284_0.5892556509887896_0.9999999999999999|MNXR189464_0.5892556509887896_0.9999999999999999|MNXR189465_0.5892556509887896_0.9999999999999999,1.8.99.2,NaN,0.0,0.58926,1.000000,1,0.794628,-,-,-,-,-,-,-,Nc1ncnc2c1ncn2[C@@H]1O[C@H](COP(=O)([O-])OS(=O)(=O)[O-])[C@@H](O)[C@H]1O.O[C@@H](CS)[C@@H](O)CS>>Nc1ncnc2c1ncn2[C@@H]1O[C@H](COP(=O)([O-])[O-])[C@@H](O)[C@H]1O.O=S([O-])[O-].O[C@H]1CSSC[C@@H]1O,O=S([O-])[O-].Nc1ncnc2c1ncn2[C@@H]1O[C@H](COP(=O)([O-])[O-])[C@@H](O)[C@H]1O>>Nc1ncnc2c1ncn2[C@@H]1O[C@H](COP(=O)([O-])OS(=O)(=O)[O-])[C@@H](O)[C@H]1O
169,NaN,B8DS74,NaN,Desulfovibrio vulgaris,14.0,MNXR106720,MNXR115674_0.5892556509887896_0.9999999999999999|MNXR172284_0.5892556509887896_0.9999999999999999|MNXR189464_0.5892556509887896_0.9999999999999999|MNXR189465_0.5892556509887896_0.9999999999999999,1.8.99.2,NaN,0.0,0.58926,1.000000,1,0.794628,-,-,-,-,-,-,-,Nc1ncnc2c1ncn2[C@@H]1O[C@H](COP(=O)([O-])OS(=O)(=O)[O-])[C@@H](O)[C@H]1O.O[C@@H](CS)[C@@H](O)CS>>Nc1ncnc2c1ncn2[C@@H]1O[C@H](COP(=O)([O-])[O-])[C@@H](O)[C@H]1O.O=S([O-])[O-].O[C@H]1CSSC[C@@H]1O,O=S([O-])[O-].Nc1ncnc2c1ncn2[C@@H]1O[C@H](COP(=O)([O-])[O-])[C@@H](O)[C@H]1O>>Nc1ncnc2c1ncn2[C@@H]1O[C@H](COP(=O)([O-])OS(=O)(=O)[O-])[C@@H](O)[C@H]1O
170,NaN,A8JZB7,NaN,Chlorobaculum limnaeum,16.0,MNXR106720,MNXR115674_0.5892556509887896_0.9999999999999999|MNXR172284_0.5892556509887896_0.9999999999999999|MNXR189464_0.5892556509887896_0.9999999999999999|MNXR189465_0.5892556509887896_0.9999999999999999,1.8.99.2,NaN,0.0,0.58926,1.000000,1,0.794628,-,-,-,-,-,-,-,Nc1ncnc2c1ncn2[C@@H]1O[C@H](COP(=O)([O-])OS(=O)(=O)[O-])[C@@H](O)[C@H]1O.O[C@@H](CS)[C@@H](O)CS>>Nc1ncnc2c1ncn2[C@@H]1O[C@H](COP(=O)([O-])[O-])[C@@H](O)[C@H]1O.O=S([O-])[O-].O[C@H]1CSSC[C@@H]1O,O=S([O-])[O-].Nc1ncnc2c1ncn2[C@@H]1O[C@H](COP(=O)([O-])[O-])[C@@H](O)[C@H]1O>>Nc1ncnc2c1ncn2[C@@H]1O[C@H](COP(=O)([O-])OS(=O)(=O)[O-])[C@@H](O)[C@H]1O
171,NaN,A8JZB6,NaN,Chlorobaculum limnaeum,16.0,MNXR106720,MNXR115674_0.5892556509887896_0.9999999999999999|MNXR172284_0.5892556509887896_0.9999999999999999|MNXR189464_0.5892556509887896_0.9999999999999999|MNXR189465_0.5892556509887896_0.9999999999999999,1.8.99.2,NaN,0.0,0.58926,1.000000,1,0.794628,-,-,-,-,-,-,-,Nc1ncnc2c1ncn2[C@@H]1O[C@H](COP(=O)([O-])OS(=O)(=O)[O-])[C@@H](O)[C@H]1O.O[C@@H](CS)[C@@H](O)CS>>Nc1ncnc2c1ncn2[C@@H]1O[C@H](COP(=O)([O-])[O-])[C@@H](O)[C@H]1O.O=S([O-])[O-].O[C@H]1CSSC[C@@H]1O,O=S([O-])[O-].Nc1ncnc2c1ncn2[C@@H]1O[C@H](COP(=O)([O-])[O-])[C@@H](O)[C@H]1O>>Nc1ncnc2c1ncn2[C@@H]1O[C@H](COP(=O)([O-])OS(=O)(=O)[O-])[C@@H](O)[C@H]1O
172,NaN,A8JZB1,NaN,Chlorobium limicola,17.0,MNXR106720,MNXR115674_0.5892556509887896_0.9999999999999999|MNXR172284_0.5892556509887896_0.9999999999999999|MNXR189464_0.5892556509887896_0.9999999999999999|MNXR189465_0.5892556509887896_0.9999999999999999,1.8.99.2,NaN,0.0,0.58926,1.000000,1,0.794628,-,-,-,-,-,-,-,Nc1ncnc2c1ncn2[C@@H]1O[C@H](COP(=O)([O-])OS(=O)(=O)[O-])[C@@H](O)[C@H]1O.O[C@@H](CS)[C@@H](O)CS>>Nc1ncnc2c1ncn2[C@@H]1O[C@H](COP(=O)([O-])[O-])[C@@H](O)[C@H]1O.O=S([O-])[O-].O[C@H]1CSSC[C@@H]1O,O=S([O-])[O-].Nc1ncnc2c1ncn2[C@@H]1O[C@H](COP(=O)([O-])[O-])[C@@H](O)[C@H]1O>>Nc1ncnc2c1ncn2[C@@H]1O[C@H](COP(=O)([O-])OS(=O)(=O)[O-])[C@@H](O)[C@H]1O
173,NaN,A8JZB0,NaN,Chlorobium limicola,17.0,MNXR106720,MNXR115674_0.5892556509887896_0.9999999999999999|MNXR172284_0.5892556509887896_0.9999999999999999|MNXR189464_0.5892556509887896_0.9999999999999999|MNXR189465_0.5892556509887896_0.9999999999999999,1.8.99.2,NaN,0.0,0.58926,1.000000,1,0.794628,-,-,-,-,-,-,-,Nc1ncnc2c1ncn2[C@@H]1O[C@H](COP(=O)([O-])OS(=O)(=O)[O-])[C@@H](O)[C@H]1O.O[C@@H](CS)[C@@H](O)CS>>Nc1ncnc2c1ncn2[C@@H]1O[C@H](COP(=O)([O-])[O-])[C@@H](O)[C@H]1O.O=S([O-])[O-].O[C@H]1CSSC[C@@H]1O,O=S([O-])[O-].Nc1ncnc2c1ncn2[C@@H]1O[C@H](COP(=O)([O-])[O-])[C@@H](O)[C@H]1O>>Nc1ncnc2c1ncn2[C@@H]1O[C@H](COP(=O)([O-])OS(=O)(=O)[O-])[C@@H](O)[C@H]1O
174,NaN,O81350,NaN,Ulva intestinalis,18.0,MNXR106720,MNXR115674_0.5892556509887896_0.9999999999999999|MNXR172284_0.5892556509887896_0.9999999999999999|MNXR189464_0.5892556509887896_0.9999999999999999|MNXR189465_0.5892556509887896_0.9999999999999999,1.8.99.2,NaN,0.0,0.58926,1.000000,1,0.794628,-,-,-,-,-,-,-,Nc1ncnc2c1ncn2[C@@H]1O[C@H](COP(=O)([O-])OS(=O)(=O)[O-])[C@@H](O)[C@H]1O.O[C@@H](CS)[C@@H](O)CS>>Nc1ncnc2c1ncn2[C@@H]1O[C@H](COP(=O)([O-])[O-])[C@@H](O)[C@H]1O.O=S([O-])[O-].O[C@H]1CSSC[C@@H]1O,O=S([O-])[O-].Nc1ncnc2c1ncn2[C@@H]1O[C@H](COP(=O)([O-])[O-])[C@@H](O)[C@H]1O>>Nc1ncnc2c1ncn2[C@@H]1O[C@H](COP(=O)([O-])OS(=O)(=O)[O-])[C@@H](O)[C@H]1O
175,NaN,Q9ZP23,NaN,Brassica juncea,29.0,MNXR106720,MNXR115674_0.5892556509887896_0.9999999999999999|MNXR172284_0.5892556509887896_0.9999999999999999|MNXR189464_0.5892556509887896_0.9999999999999999|MNXR189465_0.5892556509887896_0.9999999999999999,1.8.99.2,NaN,0.0,0.58926,1.000000,1,0.794628,-,-,-,-,-,-,-,Nc1ncnc2c1ncn2[C@@H]1O[C@H](COP(=O)([O-])OS(=O)(=O)[O-])[C@@H](O)[C@H]1O.O[C@@H](CS)[C@@H](O)CS>>Nc1ncnc2c1ncn2[C@@H]1O[C@H](COP(=O)([O-])[O-])[C@@H](O)[C@H]1O.O=S([O-])[O-].O[C@H]1CSSC[C@@H]1O,O=S([O-])[O-].Nc1ncnc2c1ncn2[C@@H]1O[C@H](COP(=O)([O-])[O-])[C@@H](O)[C@H]1O>>Nc1ncnc2c1ncn2[C@@H]1O[C@H](COP(=O)([O-])OS(=O)(=O)[O-])[C@@H](O)[C@H]1O
176,NaN,Q313I5,NaN,NaN,inf,MNXR106720,MNXR115674_0.5892556509887896_0.9999999999999999|MNXR172284_0.5892556509887896_0.9999999999999999|MNXR189464_0.5892556509887896_0.9999999999999999|MNXR189465_0.5892556509887896_0.9999999999999999,1.8.99.2,NaN,0.0,0.58926,1.000000,1,0.794628,-,-,-,-,-,-,-,Nc1ncnc2c1ncn2[C@@H]1O[C@H](COP(=O)([O-])OS(=O)(=O)[O-])[C@@H](O)[C@H]1O.O[C@@H](CS)[C@@H](O)CS>>Nc1ncnc2c1ncn2[C@@H]1O[C@H](COP(=O)([O-])[O-])[C@@H](O)[C@H]1O.O=S([O-])[O-].O[C@H]1CSSC[C@@H]1O,O=S([O-])[O-].Nc1ncnc2c1ncn2[C@@H]1O[C@H](COP(=O)([O-])[O-])[C@@H](O)[C@H]1O>>Nc1ncnc2c1ncn2[C@@H]1O[C@H](COP(=O)([O-])OS(=O)(=O)[O-])[C@@H](O)[C@H]1O
177,NaN,A8JZC5,NaN,NaN,inf,MNXR106720,MNXR115674_0.5892556509887896_0.9999999999999999|MNXR172284_0.5892556509887896_0.9999999999999999|MNXR189464_0.5892556509887896_0.9999999999999999|MNXR189465_0.5892556509887896_0.9999999999999999,1.8.99.2,NaN,0.0,0.58926,1.000000,1,0.794628,-,-,-,-,-,-,-,Nc1ncnc2c1ncn2[C@@H]1O[C@H](COP(=O)([O-])OS(=O)(=O)[O-])[C@@H](O)[C@H]1O.O[C@@H](CS)[C@@H](O)CS>>Nc1ncnc2c1ncn2[C@@H]1O[C@H](COP(=O)([O-])[O-])[C@@H](O)[C@H]1O.O=S([O-])[O-].O[C@H]1CSSC[C@@H]1O,O=S([O-])[O-].Nc1ncnc2c1ncn2[C@@H]1O[C@H](COP(=O)([O-])[O-])[C@@H](O)[C@H]1O>>Nc1ncnc2c1ncn2[C@@H]1O[C@H](COP(=O)([O-])OS(=O)(=O)[O-])[C@@H](O)[C@H]1O
178,NaN,B5QSJ0,NaN,NaN,inf,MNXR106720,MNXR115674_0.5892556509887896_0.9999999999999999|MNXR172284_0.5892556509887896_0.9999999999999999|MNXR189464_0.5892556509887896_0.9999999999999999|MNXR189465_0.5892556509887896_0.9999999999999999,1.8.99.2,NaN,0.0,0.58926,1.000000,1,0.794628,-,-,-,-,-,-,-,Nc1ncnc2c1ncn2[C@@H]1O[C@H](COP(=O)([O-])OS(=O)(=O)[O-])[C@@H](O)[C@H]1O.O[C@@H](CS)[C@@H](O)CS>>Nc1ncnc2c1ncn2[C@@H]1O[C@H](COP(=O)([O-])[O-])[C@@H](O)[C@H]1O.O=S([O-])[O-].O[C@H]1CSSC[C@@H]1O,O=S([O-])[O-].Nc1ncnc2c1ncn2[C@@H]1O[C@H](COP(=O)([O-])[O-])[C@@H](O)[C@H]1O>>Nc1ncnc2c1ncn2[C@@H]1O[C@H](COP(=O)([O-])OS(=O)(=O)[O-])[C@@H](O)[C@H]1O
179,NaN,Q59339,NaN,NaN,inf,MNXR106720,MNXR115674_0.5892556509887896_0.9999999999999999|MNXR172284_0.5892556509887896_0.9999999999999999|MNXR189464_0.5892556509887896_0.9999999999999999|MNXR189465_0.5892556509887896_0.9999999999999999,1.8.99.2,NaN,0.0,0.58926,1.000000,1,0.794628,-,-,-,-,-,-,-,Nc1ncnc2c1ncn2[C@@H]1O[C@H](COP(=O)([O-])OS(=O)(=O)[O-])[C@@H](O)[C@H]1O.O[C@@H](CS)[C@@H](O)CS>>Nc1ncnc2c1ncn2[C@@H]1O[C@H](COP(=O)([O-])[O-])[C@@H](O)[C@H]1O.O=S([O-])[O-].O[C@H]1CSSC[C@@H]1O,O=S([O-])[O-].Nc1ncnc2c1ncn2[C@@H]1O[C@H](COP(=O)([O-])[O-])[C@@H](O)[C@H]1O>>Nc1ncnc2c1ncn2[C@@H]1O[C@H](COP(=O)([O-])OS(=O)(=O)[O-])[C@@H](O)[C@H]1O
180,NaN,A8JZC6,NaN,NaN,inf,MNXR106720,MNXR115674_0.5892556509887896_0.9999999999999999|MNXR172284_0.5892556509887896_0.9999999999999999|MNXR189464_0.5892556509887896_0.9999999999999999|MNXR189465_0.5892556509887896_0.9999999999999999,1.8.99.2,NaN,0.0,0.58926,1.000000,1,0.794628,-,-,-,-,-,-,-,Nc1ncnc2c1ncn2[C@@H]1O[C@H](COP(=O)([O-])OS(=O)(=O)[O-])[C@@H](O)[C@H]1O.O[C@@H](CS)[C@@H](O)CS>>Nc1ncnc2c1ncn2[C@@H]1O[C@H](COP(=O)([O-])[O-])[C@@H](O)[C@H]1O.O=S([O-])[O-].O[C@H]1CSSC[C@@H]1O,O=S([O-])[O-].Nc1ncnc2c1ncn2[C@@H]1O[C@H](COP(=O)([O-])[O-])[C@@H](O)[C@H]1O>>Nc1ncnc2c1ncn2[C@@H]1O[C@H](COP(=O)([O-])OS(=O)(=O)[O-])[C@@H](O)[C@H]1O
181,NaN,A8JZC7,NaN,NaN,inf,MNXR106720,MNXR115674_0.5892556509887896_0.9999999999999999|MNXR172284_0.5892556509887896_0.9999999999999999|MNXR189464_0.5892556509887896_0.9999999999999999|MNXR189465_0.5892556509887896_0.9999999999999999,1.8.99.2,NaN,0.0,0.58926,1.000000,1,0.794628,-,-,-,-,-,-,-,Nc1ncnc2c1ncn2[C@@H]1O[C@H](COP(=O)([O-])OS(=O)(=O)[O-])[C@@H](O)[C@H]1O.O[C@@H](CS)[C@@H](O)CS>>Nc1ncnc2c1ncn2[C@@H]1O[C@H](COP(=O)([O-])[O-])[C@@H](O)[C@H]1O.O=S([O-])[O-].O[C@H]1CSSC[C@@H]1O,O=S([O-])[O-].Nc1ncnc2c1ncn2[C@@H]1O[C@H](COP(=O)([O-])[O-])[C@@H](O)[C@H]1O>>Nc1ncnc2c1ncn2[C@@H]1O[C@H](COP(=O)([O-])OS(=O)(=O)[O-])[C@@H](O)[C@H]1O
182,NaN,O28603,NaN,NaN,inf,MNXR106720,MNXR115674_0.5892556509887896_0.9999999999999999|MNXR172284_0.5892556509887896_0.9999999999999999|MNXR189464_0.5892556509887896_0.9999999999999999|MNXR189465_0.5892556509887896_0.9999999999999999,1.8.99.2,NaN,0.0,0.58926,1.000000,1,0.794628,-,-,-,-,-,-,-,Nc1ncnc2c1ncn2[C@@H]1O[C@H](COP(=O)([O-])OS(=O)(=O)[O-])[C@@H](O)[C@H]1O.O[C@@H](CS)[C@@H](O)CS>>Nc1ncnc2c1ncn2[C@@H]1O[C@H](COP(=O)([O-])[O-])[C@@H](O)[C@H]1O.O=S([O-])[O-].O[C@H]1CSSC[C@@H]1O,O=S([O-])[O-].Nc1ncnc2c1ncn2[C@@H]1O[C@H](COP(=O)([O-])[O-])[C@@H](O)[C@H]1O>>Nc1ncnc2c1ncn2[C@@H]1O[C@H](COP(=O)([O-])OS(=O)(=O)[O-])[C@@H](O)[C@H]1O
183,NaN,Q5VLA6,NaN,NaN,inf,MNXR106720,MNXR115674_0.5892556509887896_0.9999999999999999|MNXR172284_0.5892556509887896_0.9999999999999999|MNXR189464_0.5892556509887896_0.9999999999999999|MNXR189465_0.5892556509887896_0.9999999999999999,1.8.99.2,NaN,0.0,0.58926,1.000000,1,0.794628,-,-,-,-,-,-,-,Nc1ncnc2c1ncn2[C@@H]1O[C@H](COP(=O)([O-])OS(=O)(=O)[O-])[C@@H](O)[C@H]1O.O[C@@H](CS)[C@@H](O)CS>>Nc1ncnc2c1ncn2[C@@H]1O[C@H](COP(=O)([O-])[O-])[C@@H](O)[C@H]1O.O=S([O-])[O-].O[C@H]1CSSC[C@@H]1O,O=S([O-])[O-].Nc1ncnc2c1ncn2[C@@H]1O[C@H](COP(=O)([O-])[O-])[C@@H](O)[C@H]1O>>Nc1ncnc2c1ncn2[C@@H]1O[C@H](COP(=O)([O-])OS(=O)(=O)[O-])[C@@H](O)[C@H]1O
184,NaN,A8JZC9,NaN,NaN,inf,MNXR106720,MNXR115674_0.5892556509887896_0.9999999999999999|MNXR172284_0.5892556509887896_0.9999999999999999|MNXR189464_0.5892556509887896_0.9999999999999999|MNXR189465_0.5892556509887896_0.9999999999999999,1.8.99.2,NaN,0.0,0.58926,1.000000,1,0.794628,-,-,-,-,-,-,-,Nc1ncnc2c1ncn2[C@@H]1O[C@H](COP(=O)([O-])OS(=O)(=O)[O-])[C@@H](O)[C@H]1O.O[C@@H](CS)[C@@H](O)CS>>Nc1ncnc2c1ncn2[C@@H]1O[C@H](COP(=O)([O-])[O-])[C@@H](O)[C@H]1O.O=S([O-])[O-].O[C@H]1CSSC[C@@H]1O,O=S([O-])[O-].Nc1ncnc2c1ncn2[C@@H]1O[C@H](COP(=O)([O-])[O-])[C@@H](O)[C@H]1O>>Nc1ncnc2c1ncn2[C@@H]1O[C@H](COP(=O)([O-])OS(=O)(=O)[O-])[C@@H](O)[C@H]1O
185,NaN,O28604,NaN,NaN,inf,MNXR106720,MNXR115674_0.5892556509887896_0.9999999999999999|MNXR172284_0.5892556509887896_0.9999999999999999|MNXR189464_0.5892556509887896_0.9999999999999999|MNXR189465_0.5892556509887896_0.9999999999999999,1.8.99.2,NaN,0.0,0.58926,1.000000,1,0.794628,-,-,-,-,-,-,-,Nc1ncnc2c1ncn2[C@@H]1O[C@H](COP(=O)([O-])OS(=O)(=O)[O-])[C@@H](O)[C@H]1O.O[C@@H](CS)[C@@H](O)CS>>Nc1ncnc2c1ncn2[C@@H]1O[C@H](COP(=O)([O-])[O-])[C@@H](O)[C@H]1O.O=S([O-])[O-].O[C@H]1CSSC[C@@H]1O,O=S([O-])[O-].Nc1ncnc2c1ncn2[C@@H]1O[C@H](COP(=O)([O-])[O-])[C@@H](O)[C@H]1O>>Nc1ncnc2c1ncn2[C@@H]1O[C@H](COP(=O)([O-])OS(=O)(=O)[O-])[C@@H](O)[C@H]1O
186,NaN,A8JZB8,NaN,NaN,inf,MNXR106720,MNXR115674_0.5892556509887896_0.9999999999999999|MNXR172284_0.5892556509887896_0.9999999999999999|MNXR189464_0.5892556509887896_0.9999999999999999|MNXR189465_0.5892556509887896_0.9999999999999999,1.8.99.2,NaN,0.0,0.58926,1.000000,1,0.794628,-,-,-,-,-,-,-,Nc1ncnc2c1ncn2[C@@H]1O[C@H](COP(=O)([O-])OS(=O)(=O)[O-])[C@@H](O)[C@H]1O.O[C@@H](CS)[C@@H](O)CS>>Nc1ncnc2c1ncn2[C@@H]1O[C@H](COP(=O)([O-])[O-])[C@@H](O)[C@H]1O.O=S([O-])[O-].O[C@H]1CSSC[C@@H]1O,O=S([O-])[O-].Nc1ncnc2c1ncn2[C@@H]1O[C@H](COP(=O)([O-])[O-])[C@@H](O)[C@H]1O>>Nc1ncnc2c1ncn2[C@@H]1O[C@H](COP(=O)([O-])OS(=O)(=O)[O-])[C@@H](O)[C@H]1O
187,NaN,F6KEW3,NaN,NaN,inf,MNXR106720,MNXR115674_0.5892556509887896_0.9999999999999999|MNXR172284_0.5892556509887896_0.9999999999999999|MNXR189464_0.5892556509887896_0.9999999999999999|MNXR189465_0.5892556509887896_0.9999999999999999,1.8.99.2,NaN,0.0,0.58926,1.000000,1,0.794628,-,-,-,-,-,-,-,Nc1ncnc2c1ncn2[C@@H]1O[C@H](COP(=O)([O-])OS(=O)(=O)[O-])[C@@H](O)[C@H]1O.O[C@@H](CS)[C@@H](O)CS>>Nc1ncnc2c1ncn2[C@@H]1O[C@H](COP(=O)([O-])[O-])[C@@H](O)[C@H]1O.O=S([O-])[O-].O[C@H]1CSSC[C@@H]1O,O=S([O-])[O-].Nc1ncnc2c1ncn2[C@@H]1O[C@H](COP(=O)([O-])[O-])[C@@H](O)[C@H]1O>>Nc1ncnc2c1ncn2[C@@H]1O[C@H](COP(=O)([O-])OS(=O)(=O)[O-])[C@@H](O)[C@H]1O
188,NaN,F6KEW4,NaN,NaN,inf,MNXR106720,MNXR115674_0.5892556509887896_0.9999999999999999|MNXR172284_0.5892556509887896_0.9999999999999999|MNXR189464_0.5892556509887896_0.9999999999999999|MNXR189465_0.5892556509887896_0.9999999999999999,1.8.99.2,NaN,0.0,0.58926,1.000000,1,0.794628,-,-,-,-,-,-,-,Nc1ncnc2c1ncn2[C@@H]1O[C@H](COP(=O)([O-])OS(=O)(=O)[O-])[C@@H](O)[C@H]1O.O[C@@H](CS)[C@@H](O)CS>>Nc1ncnc2c1ncn2[C@@H]1O[C@H](COP(=O)([O-])[O-])[C@@H](O)[C@H]1O.O=S([O-])[O-].O[C@H]1CSSC[C@@H]1O,O=S([O-])[O-].Nc1ncnc2c1ncn2[C@@H]1O[C@H](COP(=O)([O-])[O-])[C@@H](O)[C@H]1O>>Nc1ncnc2c1ncn2[C@@H]1O[C@H](COP(=O)([O-])OS(=O)(=O)[O-])[C@@H](O)[C@H]1O
189,NaN,A8JZC8,NaN,NaN,inf,MNXR106720,MNXR115674_0.5892556509887896_0.9999999999999999|MNXR172284_0.5892556509887896_0.9999999999999999|MNXR189464_0.5892556509887896_0.9999999999999999|MNXR189465_0.5892556509887896_0.9999999999999999,1.8.99.2,NaN,0.0,0.58926,1.000000,1,0.794628,-,-,-,-,-,-,-,Nc1ncnc2c1ncn2[C@@H]1O[C@H](COP(=O)([O-])OS(=O)(=O)[O-])[C@@H](O)[C@H]1O.O[C@@H](CS)[C@@H](O)CS>>Nc1ncnc2c1ncn2[C@@H]1O[C@H](COP(=O)([O-])[O-])[C@@H](O)[C@H]1O.O=S([O-])[O-].O[C@H]1CSSC[C@@H]1O,O=S([O-])[O-].Nc1ncnc2c1ncn2[C@@H]1O[C@H](COP(=O)([O-])[O-])[C@@H](O)[C@H]1O>>Nc1ncnc2c1ncn2[C@@H]1O[C@H](COP(=O)([O-])OS(=O)(=O)[O-])[C@@H](O)[C@H]1O
190,NaN,A8JZB9,NaN,NaN,inf,MNXR106720,MNXR115674_0.5892556509887896_0.9999999999999999|MNXR172284_0.5892556509887896_0.9999999999999999|MNXR189464_0.5892556509887896_0.9999999999999999|MNXR189465_0.5892556509887896_0.9999999999999999,1.8.99.2,NaN,0.0,0.58926,1.000000,1,0.794628,-,-,-,-,-,-,-,Nc1ncnc2c1ncn2[C@@H]1O[C@H](COP(=O)([O-])OS(=O)(=O)[O-])[C@@H](O)[C@H]1O.O[C@@H](CS)[C@@H](O)CS>>Nc1ncnc2c1ncn2[C@@H]1O[C@H](COP(=O)([O-])[O-])[C@@H](O)[C@H]1O.O=S([O-])[O-].O[C@H]1CSSC[C@@H]1O,O=S([O-])[O-].Nc1ncnc2c1ncn2[C@@H]1O[C@H](COP(=O)([O-])[O-])[C@@H](O)[C@H]1O>>Nc1ncnc2c1ncn2[C@@H]1O[C@H](COP(=O)([O-])OS(=O)(=O)[O-])[C@@H](O)[C@H]1O
191,NaN,Q8KE28,NaN,NaN,inf,MNXR106720,MNXR115674_0.5892556509887896_0.9999999999999999|MNXR172284_0.5892556509887896_0.9999999999999999|MNXR189464_0.5892556509887896_0.9999999999999999|MNXR189465_0.5892556509887896_0.9999999999999999,1.8.99.2,NaN,0.0,0.58926,1.000000,1,0.794628,-,-,-,-,-,-,-,Nc1ncnc2c1ncn2[C@@H]1O[C@H](COP(=O)([O-])OS(=O)(=O)[O-])[C@@H](O)[C@H]1O.O[C@@H](CS)[C@@H](O)CS>>Nc1ncnc2c1ncn2[C@@H]1O[C@H](COP(=O)([O-])[O-])[C@@H](O)[C@H]1O.O=S([O-])[O-].O[C@H]1CSSC[C@@H]1O,O=S([O-])[O-].Nc1ncnc2c1ncn2[C@@H]1O[C@H](COP(=O)([O-])[O-])[C@@H](O)[C@H]1O>>Nc1ncnc2c1ncn2[C@@H]1O[C@H](COP(=O)([O-])OS(=O)(=O)[O-])[C@@H](O)[C@H]1O
192,NaN,A8JZC4,NaN,NaN,inf,MNXR106720,MNXR115674_0.5892556509887896_0.9999999999999999|MNXR172284_0.5892556509887896_0.9999999999999999|MNXR189464_0.5892556509887896_0.9999999999999999|MNXR189465_0.5892556509887896_0.9999999999999999,1.8.99.2,NaN,0.0,0.58926,1.000000,1,0.794628,-,-,-,-,-,-,-,Nc1ncnc2c1ncn2[C@@H]1O[C@H](COP(=O)([O-])OS(=O)(=O)[O-])[C@@H](O)[C@H]1O.O[C@@H](CS)[C@@H](O)CS>>Nc1ncnc2c1ncn2[C@@H]1O[C@H](COP(=O)([O-])[O-])[C@@H](O)[C@H]1O.O=S([O-])[O-].O[C@H]1CSSC[C@@H]1O,O=S([O-])[O-].Nc1ncnc2c1ncn2[C@@H]1O[C@H](COP(=O)([O-])[O-])[C@@H](O)[C@H]1O>>Nc1ncnc2c1ncn2[C@@H]1O[C@H](COP(=O)([O-])OS(=O)(=O)[O-])[C@@H](O)[C@H]1O
193,NaN,Q5VLA7,NaN,NaN,inf,MNXR106720,MNXR115674_0.5892556509887896_0.9999999999999999|MNXR172284_0.5892556509887896_0.9999999999999999|MNXR189464_0.5892556509887896_0.9999999999999999|MNXR189465_0.5892556509887896_0.9999999999999999,1.8.99.2,NaN,0.0,0.58926,1.000000,1,0.794628,-,-,-,-,-,-,-,Nc1ncnc2c1ncn2[C@@H]1O[C@H](COP(=O)([O-])OS(=O)(=O)[O-])[C@@H](O)[C@H]1O.O[C@@H](CS)[C@@H](O)CS>>Nc1ncnc2c1ncn2[C@@H]1O[C@H](COP(=O)([O-])[O-])[C@@H](O)[C@H]1O.O=S([O-])[O-].O[C@H]1CSSC[C@@H]1O,O=S([O-])[O-].Nc1ncnc2c1ncn2[C@@H]1O[C@H](COP(=O)([O-])[O-])[C@@H](O)[C@H]1O>>Nc1ncnc2c1ncn2[C@@H]1O[C@H](COP(=O)([O-])OS(=O)(=O)[O-])[C@@H](O)[C@H]1O
194,NaN,Q59338,NaN,NaN,inf,MNXR106720,MNXR115674_0.5892556509887896_0.9999999999999999|MNXR172284_0.5892556509887896_0.9999999999999999|MNXR189464_0.5892556509887896_0.9999999999999999|MNXR189465_0.5892556509887896_0.9999999999999999,1.8.99.2,NaN,0.0,0.58926,1.000000,1,0.794628,-,-,-,-,-,-,-,Nc1ncnc2c1ncn2[C@@H]1O[C@H](COP(=O)([O-])OS(=O)(=O)[O-])[C@@H](O)[C@H]1O.O[C@@H](CS)[C@@H](O)CS>>Nc1ncnc2c1ncn2[C@@H]1O[C@H](COP(=O)([O-])[O-])[C@@H](O)[C@H]1O.O=S([O-])[O-].O[C@H]1CSSC[C@@H]1O,O=S([O-])[O-].Nc1ncnc2c1ncn2[C@@H]1O[C@H](COP(=O)([O-])[O-])[C@@H](O)[C@H]1O>>Nc1ncnc2c1ncn2[C@@H]1O[C@H](COP(=O)([O-])OS(=O)(=O)[O-])[C@@H](O)[C@H]1O
195,NaN,A0LH39,NaN,NaN,inf,MNXR106720,MNXR115674_0.5892556509887896_0.9999999999999999|MNXR172284_0.5892556509887896_0.9999999999999999|MNXR189464_0.5892556509887896_0.9999999999999999|MNXR189465_0.5892556509887896_0.9999999999999999,1.8.99.2,NaN,0.0,0.58926,1.000000,1,0.794628,-,-,-,-,-,-,-,Nc1ncnc2c1ncn2[C@@H]1O[C@H](COP(=O)([O-])OS(=O)(=O)[O-])[C@@H](O)[C@H]1O.O[C@@H](CS)[C@@H](O)CS>>Nc1ncnc2c1ncn2[C@@H]1O[C@H](COP(=O)([O-])[O-])[C@@H](O)[C@H]1O.O=S([O-])[O-].O[C@H]1CSSC[C@@H]1O,O=S([O-])[O-].Nc1ncnc2c1ncn2[C@@H]1O[C@H](COP(=O)([O-])[O-])[C@@H](O)[C@H]1O>>Nc1ncnc2c1ncn2[C@@H]1O[C@H](COP(=O)([O-])OS(=O)(=O)[O-])[C@@H](O)[C@H]1O
196,NaN,K4BAJ5,NaN,Solanum lycopersicum,31.0,MNXR108323,MNXR135249_0.44277893094561577_1.0,1.17.4.4,NaN,0.0,0.44470,1.000000,-1,0.722350,-,-,-,-,-,-,-,Nc1ncnc2c1ncn2[C@@H]1O[C@H](COP(=O)([O-])OS(=O)(=O)[O-])[C@@H](O)[C@H]1O.O[C@@H](CS)[C@@H](O)CS>>Nc1ncnc2c1ncn2[C@@H]1O[C@H](COP(=O)([O-])[O-])[C@@H](O)[C@H]1O.O=S([O-])[O-].O[C@H]1CSSC[C@@H]1O,O[C@@H](CS)[C@@H](O)CS.CC12OC1([*])C(=O)c1ccccc1C2=O>>CC1=C([*])C(=O)c2ccccc2C1=O.O[C@H]1CSSC[C@@H]1O
197,NaN,E7F6X2,NaN,Danio rerio,37.0,MNXR108323,MNXR135249_0.44277893094561577_1.0,1.17.4.4,NaN,0.0,0.44470,1.000000,-1,0.722350,-,-,-,-,-,-,-,Nc1ncnc2c1ncn2[C@@H]1O[C@H](COP(=O)([O-])OS(=O)(=O)[O-])[C@@H](O)[C@H]1O.O[C@@H](CS)[C@@H](O)CS>>Nc1ncnc2c1ncn2[C@@H]1O[C@H](COP(=O)([O-])[O-])[C@@H](O)[C@H]1O.O=S([O-])[O-].O[C@H]1CSSC[C@@H]1O,O[C@@H](CS)[C@@H](O)CS.CC12OC1([*])C(=O)c1ccccc1C2=O>>CC1=C([*])C(=O)c2ccccc2C1=O.O[C@H]1CSSC[C@@H]1O
198,NaN,Q502B2,NaN,Danio rerio,37.0,MNXR108323,MNXR135249_0.44277893094561577_1.0,1.17.4.4,NaN,0.0,0.44470,1.000000,-1,0.722350,-,-,-,-,-,-,-,Nc1ncnc2c1ncn2[C@@H]1O[C@H](COP(=O)([O-])OS(=O)(=O)[O-])[C@@H](O)[C@H]1O.O[C@@H](CS)[C@@H](O)CS>>Nc1ncnc2c1ncn2[C@@H]1O[C@H](COP(=O)([O-])[O-])[C@@H](O)[C@H]1O.O=S([O-])[O-].O[C@H]1CSSC[C@@H]1O,O[C@@H](CS)[C@@H](O)CS.CC12OC1([*])C(=O)c1ccccc1C2=O>>CC1=C([*])C(=O)c2ccccc2C1=O.O[C@H]1CSSC[C@@H]1O
199,NaN,Q6BQB6,NaN,Homo sapiens,39.0,MNXR108323,MNXR135249_0.44277893094561577_1.0,1.17.4.4,NaN,0.0,0.44470,1.000000,-1,0.722350,-,-,-,-,-,-,-,Nc1ncnc2c1ncn2[C@@H]1O[C@H](COP(=O)([O-])OS(=O)(=O)[O-])[C@@H](O)[C@H]1O.O[C@@H](CS)[C@@H](O)CS>>Nc1ncnc2c1ncn2[C@@H]1O[C@H](COP(=O)([O-])[O-])[C@@H](O)[C@H]1O.O=S([O-])[O-].O[C@H]1CSSC[C@@H]1O,O[C@@H](CS)[C@@H](O)CS.CC12OC1([*])C(=O)c1ccccc1C2=O>>CC1=C([*])C(=O)c2ccccc2C1=O.O[C@H]1CSSC[C@@H]1O
200,NaN,I3RJK8,NaN,Phanerodontia chrysosporium,21.0,MNXR109300,-,2.8.1.5,NaN,0.0,0.60186,0.776074,1,0.688965,-,-,-,-,-,-,-,Nc1ncnc2c1ncn2[C@@H]1O[C@H](COP(=O)([O-])OS(=O)(=O)[O-])[C@@H](O)[C@H]1O.O[C@@H](CS)[C@@H](O)CS>>Nc1ncnc2c1ncn2[C@@H]1O[C@H](COP(=O)([O-])[O-])[C@@H](O)[C@H]1O.O=S([O-])[O-].O[C@H]1CSSC[C@@H]1O,O[C@@H]1CSSC[C@@H]1O.[H+].[SH-].O=S([O-])[O-]>>O=S(=O)([O-])S.O[C@H](CS)[C@@H](O)CS
