,Score,Seq. ID,Description,Organism Source,Tax. distance,Rxn. ID,Rxn. ID - additional,EC Number,Uniprot protein evidence,Consv. Score,Rxn Sim.,Rxn Sim RF.,Direction Used,Combined score,% helices,% sheets,% turns,% coils,Mol. Weight,Isoelec. Point,Polar %,Query,Hit
1,62.058536,P31806,Bifunctional NAD(P)H-hydrate repair enzyme Nnr,Escherichia coli (strain K12) OX=83333,1.0,MNXR113625,MNXR113626_0.5206196934885686_0.7425507295612764,4.2.1.-;4.2.1.136,1.0,0.0,0.52062,0.742551,-1,0.631585,39.1,25.3,14.6,24.2,54650.31,6.4272,40.583,Cc1ncc(COP(=O)([O-])OP(=O)([O-])[O-])c(N)n1.[H]O[H]>>Cc1ncc(COP(=O)([O-])[O-])c(N)n1.O=P([O-])([O-])O.[H+],Nc1ncnc2c1ncn2[C@@H]1O[C@H](COP(=O)([O-])OP(=O)([O-])[O-])[C@@H](O)[C@H]1O.NC(=O)C1=CN([C@@H]2O[C@H](COP(=O)([O-])OP(=O)([O-])OC[C@H]3O[C@@H](n4cnc5c(N)ncnc54)[C@H](O)[C@@H]3O)[C@@H](O)[C@H]2O)[C@@H](O)CC1>>O=P([O-])([O-])O.[H+].NC(=O)C1=CN([C@@H]2O[C@H](COP(=O)([O-])OP(=O)([O-])OC[C@H]3O[C@@H](n4cnc5c(N)ncnc54)[C@H](O)[C@@H]3O)[C@@H](O)[C@H]2O)C=CC1.Nc1ncnc2c1ncn2[C@@H]1O[C@H](COP(=O)([O-])[O-])[C@@H](O)[C@H]1O
2,55.833834,P04425,Glutathione synthetase,Escherichia coli (strain K12) OX=83333,1.0,MNXR114298,-,6.3.2.3,1.0,0.0,0.51033,0.628347,1,0.569336,44.7,19.7,17.3,23.7,35560.90,4.8547,44.304,Cc1ncc(COP(=O)([O-])OP(=O)([O-])[O-])c(N)n1.[H]O[H]>>Cc1ncc(COP(=O)([O-])[O-])c(N)n1.O=P([O-])([O-])O.[H+],O=P([O-])([O-])O.Nc1ncnc2c1ncn2[C@@H]1O[C@H](COP(=O)([O-])OP(=O)([O-])[O-])[C@@H](O)[C@H]1O.[H+].CC[C@H](NC(=O)CC[C@H](N)C(=O)O)C(=O)NCC(=O)O>>Nc1ncnc2c1ncn2[C@@H]1O[C@H](COP(=O)([O-])OP(=O)([O-])OP(=O)([O-])[O-])[C@@H](O)[C@H]1O.[NH3+]CC(=O)[O-].CC[C@H](NC(=O)CC[C@H](N)C(=O)O)C(=O)O
3,55.833834,P77213,Putative glutamate--cysteine ligase 2,Escherichia coli (strain K12) OX=83333,1.0,MNXR180492,-,6.3.2.2;6.3.2.3,1.0,0.0,0.51033,0.628347,-1,0.569336,40.4,17.7,25.8,20.5,41688.35,6.1207,45.430,Cc1ncc(COP(=O)([O-])OP(=O)([O-])[O-])c(N)n1.[H]O[H]>>Cc1ncc(COP(=O)([O-])[O-])c(N)n1.O=P([O-])([O-])O.[H+],[NH3+][C@@H](CCC(=O)[O-])C(=O)[O-].Nc1ncnc2c1ncn2[C@@H]1O[C@H](COP(=O)([O-])OP(=O)([O-])OP(=O)([O-])[O-])[C@@H](O)[C@H]1O.[NH3+]CC(=O)[O-].NC(CS)C(=O)O>>[NH3+][C@@H](CCC(=O)N[C@@H](CS)C(=O)NCC(=O)[O-])C(=O)[O-].O=P([O-])([O-])O.Nc1ncnc2c1ncn2[C@@H]1O[C@H](COP(=O)([O-])OP(=O)([O-])[O-])[C@@H](O)[C@H]1O.[H+]
4,53.633834,Q8FE30,Glutathione synthetase,Escherichia coli O6:H1 (strain CFT073 / ATCC 700928 / UPEC) OX=199310,3.0,MNXR114298,-,6.3.2.3,3.0,0.0,0.51033,0.628347,1,0.569336,41.3,21.3,19.7,23.0,35614.90,4.7843,44.937,Cc1ncc(COP(=O)([O-])OP(=O)([O-])[O-])c(N)n1.[H]O[H]>>Cc1ncc(COP(=O)([O-])[O-])c(N)n1.O=P([O-])([O-])O.[H+],O=P([O-])([O-])O.Nc1ncnc2c1ncn2[C@@H]1O[C@H](COP(=O)([O-])OP(=O)([O-])[O-])[C@@H](O)[C@H]1O.[H+].CC[C@H](NC(=O)CC[C@H](N)C(=O)O)C(=O)NCC(=O)O>>Nc1ncnc2c1ncn2[C@@H]1O[C@H](COP(=O)([O-])OP(=O)([O-])OP(=O)([O-])[O-])[C@@H](O)[C@H]1O.[NH3+]CC(=O)[O-].CC[C@H](NC(=O)CC[C@H](N)C(=O)O)C(=O)O
5,53.633834,Q0TEI7,Glutamate--cysteine ligase,Escherichia coli O6:K15:H31 (strain 536 / UPEC) OX=362663,3.0,MNXR180492,-,6.3.2.2;6.3.2.3,3.0,0.0,0.51033,0.628347,-1,0.569336,39.8,23.1,18.7,21.5,58269.29,5.0436,44.595,Cc1ncc(COP(=O)([O-])OP(=O)([O-])[O-])c(N)n1.[H]O[H]>>Cc1ncc(COP(=O)([O-])[O-])c(N)n1.O=P([O-])([O-])O.[H+],[NH3+][C@@H](CCC(=O)[O-])C(=O)[O-].Nc1ncnc2c1ncn2[C@@H]1O[C@H](COP(=O)([O-])OP(=O)([O-])OP(=O)([O-])[O-])[C@@H](O)[C@H]1O.[NH3+]CC(=O)[O-].NC(CS)C(=O)O>>[NH3+][C@@H](CCC(=O)N[C@@H](CS)C(=O)NCC(=O)[O-])C(=O)[O-].O=P([O-])([O-])O.Nc1ncnc2c1ncn2[C@@H]1O[C@H](COP(=O)([O-])OP(=O)([O-])[O-])[C@@H](O)[C@H]1O.[H+]
6,53.633834,P58578,Glutathione synthetase,Escherichia coli O157:H7 OX=83334,3.0,MNXR114298,-,6.3.2.3,3.0,0.0,0.51033,0.628347,1,0.569336,44.8,19.7,17.1,23.7,35432.77,4.8547,44.127,Cc1ncc(COP(=O)([O-])OP(=O)([O-])[O-])c(N)n1.[H]O[H]>>Cc1ncc(COP(=O)([O-])[O-])c(N)n1.O=P([O-])([O-])O.[H+],O=P([O-])([O-])O.Nc1ncnc2c1ncn2[C@@H]1O[C@H](COP(=O)([O-])OP(=O)([O-])[O-])[C@@H](O)[C@H]1O.[H+].CC[C@H](NC(=O)CC[C@H](N)C(=O)O)C(=O)NCC(=O)O>>Nc1ncnc2c1ncn2[C@@H]1O[C@H](COP(=O)([O-])OP(=O)([O-])OP(=O)([O-])[O-])[C@@H](O)[C@H]1O.[NH3+]CC(=O)[O-].CC[C@H](NC(=O)CC[C@H](N)C(=O)O)C(=O)O
7,53.633834,B7MRL6,Putative glutamate--cysteine ligase 2,Escherichia coli O81 (strain ED1a) OX=585397,3.0,MNXR180492,-,6.3.2.2;6.3.2.3,3.0,0.0,0.51033,0.628347,-1,0.569336,40.2,18.3,24.4,21.6,41666.32,6.1204,45.430,Cc1ncc(COP(=O)([O-])OP(=O)([O-])[O-])c(N)n1.[H]O[H]>>Cc1ncc(COP(=O)([O-])[O-])c(N)n1.O=P([O-])([O-])O.[H+],[NH3+][C@@H](CCC(=O)[O-])C(=O)[O-].Nc1ncnc2c1ncn2[C@@H]1O[C@H](COP(=O)([O-])OP(=O)([O-])OP(=O)([O-])[O-])[C@@H](O)[C@H]1O.[NH3+]CC(=O)[O-].NC(CS)C(=O)O>>[NH3+][C@@H](CCC(=O)N[C@@H](CS)C(=O)NCC(=O)[O-])C(=O)[O-].O=P([O-])([O-])O.Nc1ncnc2c1ncn2[C@@H]1O[C@H](COP(=O)([O-])OP(=O)([O-])[O-])[C@@H](O)[C@H]1O.[H+]
8,53.633834,B7NLU0,Putative glutamate--cysteine ligase 2,Escherichia coli O7:K1 (strain IAI39 / ExPEC) OX=585057,3.0,MNXR180492,-,6.3.2.2;6.3.2.3,3.0,0.0,0.51033,0.628347,-1,0.569336,42.1,17.1,25.8,19.4,41734.44,6.1207,45.430,Cc1ncc(COP(=O)([O-])OP(=O)([O-])[O-])c(N)n1.[H]O[H]>>Cc1ncc(COP(=O)([O-])[O-])c(N)n1.O=P([O-])([O-])O.[H+],[NH3+][C@@H](CCC(=O)[O-])C(=O)[O-].Nc1ncnc2c1ncn2[C@@H]1O[C@H](COP(=O)([O-])OP(=O)([O-])OP(=O)([O-])[O-])[C@@H](O)[C@H]1O.[NH3+]CC(=O)[O-].NC(CS)C(=O)O>>[NH3+][C@@H](CCC(=O)N[C@@H](CS)C(=O)NCC(=O)[O-])C(=O)[O-].O=P([O-])([O-])O.Nc1ncnc2c1ncn2[C@@H]1O[C@H](COP(=O)([O-])OP(=O)([O-])[O-])[C@@H](O)[C@H]1O.[H+]
9,53.633834,B7N9I5,Putative glutamate--cysteine ligase 2,Escherichia coli O17:K52:H18 (strain UMN026 / ExPEC) OX=585056,3.0,MNXR180492,-,6.3.2.2;6.3.2.3,3.0,0.0,0.51033,0.628347,-1,0.569336,39.3,17.7,25.6,21.9,41692.34,6.1210,45.699,Cc1ncc(COP(=O)([O-])OP(=O)([O-])[O-])c(N)n1.[H]O[H]>>Cc1ncc(COP(=O)([O-])[O-])c(N)n1.O=P([O-])([O-])O.[H+],[NH3+][C@@H](CCC(=O)[O-])C(=O)[O-].Nc1ncnc2c1ncn2[C@@H]1O[C@H](COP(=O)([O-])OP(=O)([O-])OP(=O)([O-])[O-])[C@@H](O)[C@H]1O.[NH3+]CC(=O)[O-].NC(CS)C(=O)O>>[NH3+][C@@H](CCC(=O)N[C@@H](CS)C(=O)NCC(=O)[O-])C(=O)[O-].O=P([O-])([O-])O.Nc1ncnc2c1ncn2[C@@H]1O[C@H](COP(=O)([O-])OP(=O)([O-])[O-])[C@@H](O)[C@H]1O.[H+]
10,53.633834,Q8XBX1,Putative glutamate--cysteine ligase 2,Escherichia coli O157:H7 OX=83334,3.0,MNXR180492,-,6.3.2.2;6.3.2.3,3.0,0.0,0.51033,0.628347,-1,0.569336,41.3,17.7,25.0,20.5,41684.40,6.1531,44.892,Cc1ncc(COP(=O)([O-])OP(=O)([O-])[O-])c(N)n1.[H]O[H]>>Cc1ncc(COP(=O)([O-])[O-])c(N)n1.O=P([O-])([O-])O.[H+],[NH3+][C@@H](CCC(=O)[O-])C(=O)[O-].Nc1ncnc2c1ncn2[C@@H]1O[C@H](COP(=O)([O-])OP(=O)([O-])OP(=O)([O-])[O-])[C@@H](O)[C@H]1O.[NH3+]CC(=O)[O-].NC(CS)C(=O)O>>[NH3+][C@@H](CCC(=O)N[C@@H](CS)C(=O)NCC(=O)[O-])C(=O)[O-].O=P([O-])([O-])O.Nc1ncnc2c1ncn2[C@@H]1O[C@H](COP(=O)([O-])OP(=O)([O-])[O-])[C@@H](O)[C@H]1O.[H+]
11,52.833834,B7UHZ4,Glutathione synthetase,Escherichia coli O127:H6 (strain E2348/69 / EPEC) OX=574521,4.0,MNXR114298,-,6.3.2.3,1.0,0.0,0.51033,0.628347,1,0.569336,44.3,19.7,19.3,22.0,35612.93,4.7883,44.620,Cc1ncc(COP(=O)([O-])OP(=O)([O-])[O-])c(N)n1.[H]O[H]>>Cc1ncc(COP(=O)([O-])[O-])c(N)n1.O=P([O-])([O-])O.[H+],O=P([O-])([O-])O.Nc1ncnc2c1ncn2[C@@H]1O[C@H](COP(=O)([O-])OP(=O)([O-])[O-])[C@@H](O)[C@H]1O.[H+].CC[C@H](NC(=O)CC[C@H](N)C(=O)O)C(=O)NCC(=O)O>>Nc1ncnc2c1ncn2[C@@H]1O[C@H](COP(=O)([O-])OP(=O)([O-])OP(=O)([O-])[O-])[C@@H](O)[C@H]1O.[NH3+]CC(=O)[O-].CC[C@H](NC(=O)CC[C@H](N)C(=O)O)C(=O)O
12,52.633834,A7ZQC1,Glutamate--cysteine ligase,Escherichia coli O139:H28 (strain E24377A / ETEC) OX=331111,4.0,MNXR180492,-,6.3.2.2;6.3.2.3,3.0,0.0,0.51033,0.628347,-1,0.569336,41.6,22.5,18.3,20.7,58285.33,5.0436,44.595,Cc1ncc(COP(=O)([O-])OP(=O)([O-])[O-])c(N)n1.[H]O[H]>>Cc1ncc(COP(=O)([O-])[O-])c(N)n1.O=P([O-])([O-])O.[H+],[NH3+][C@@H](CCC(=O)[O-])C(=O)[O-].Nc1ncnc2c1ncn2[C@@H]1O[C@H](COP(=O)([O-])OP(=O)([O-])OP(=O)([O-])[O-])[C@@H](O)[C@H]1O.[NH3+]CC(=O)[O-].NC(CS)C(=O)O>>[NH3+][C@@H](CCC(=O)N[C@@H](CS)C(=O)NCC(=O)[O-])C(=O)[O-].O=P([O-])([O-])O.Nc1ncnc2c1ncn2[C@@H]1O[C@H](COP(=O)([O-])OP(=O)([O-])[O-])[C@@H](O)[C@H]1O.[H+]
13,51.858536,Q83CM5,Bifunctional NAD(P)H-hydrate repair enzyme Nnr,Coxiella burnetii (strain RSA 493 / Nine Mile phase I) OX=227377,11.0,MNXR113625,MNXR113626_0.5206196934885686_0.7425507295612764,4.2.1.-;4.2.1.136,3.0,0.0,0.52062,0.742551,-1,0.631585,44.1,27.3,13.8,18.2,51699.46,5.8739,37.090,Cc1ncc(COP(=O)([O-])OP(=O)([O-])[O-])c(N)n1.[H]O[H]>>Cc1ncc(COP(=O)([O-])[O-])c(N)n1.O=P([O-])([O-])O.[H+],Nc1ncnc2c1ncn2[C@@H]1O[C@H](COP(=O)([O-])OP(=O)([O-])[O-])[C@@H](O)[C@H]1O.NC(=O)C1=CN([C@@H]2O[C@H](COP(=O)([O-])OP(=O)([O-])OC[C@H]3O[C@@H](n4cnc5c(N)ncnc54)[C@H](O)[C@@H]3O)[C@@H](O)[C@H]2O)[C@@H](O)CC1>>O=P([O-])([O-])O.[H+].NC(=O)C1=CN([C@@H]2O[C@H](COP(=O)([O-])OP(=O)([O-])OC[C@H]3O[C@@H](n4cnc5c(N)ncnc54)[C@H](O)[C@@H]3O)[C@@H](O)[C@H]2O)C=CC1.Nc1ncnc2c1ncn2[C@@H]1O[C@H](COP(=O)([O-])[O-])[C@@H](O)[C@H]1O
14,51.633834,B7LVZ1,Glutamate--cysteine ligase,Escherichia fergusonii (strain ATCC 35469 / DSM 13698 / CCUG 18766 / IAM 14443 / JCM 21226 / LMG 7866 / NBRC 102419 / NCTC 12128 / CDC 0568-73) OX=585054,5.0,MNXR180492,-,6.3.2.2;6.3.2.3,3.0,0.0,0.51033,0.628347,-1,0.569336,39.8,23.1,18.7,21.5,58239.31,5.1149,44.402,Cc1ncc(COP(=O)([O-])OP(=O)([O-])[O-])c(N)n1.[H]O[H]>>Cc1ncc(COP(=O)([O-])[O-])c(N)n1.O=P([O-])([O-])O.[H+],[NH3+][C@@H](CCC(=O)[O-])C(=O)[O-].Nc1ncnc2c1ncn2[C@@H]1O[C@H](COP(=O)([O-])OP(=O)([O-])OP(=O)([O-])[O-])[C@@H](O)[C@H]1O.[NH3+]CC(=O)[O-].NC(CS)C(=O)O>>[NH3+][C@@H](CCC(=O)N[C@@H](CS)C(=O)NCC(=O)[O-])C(=O)[O-].O=P([O-])([O-])O.Nc1ncnc2c1ncn2[C@@H]1O[C@H](COP(=O)([O-])OP(=O)([O-])[O-])[C@@H](O)[C@H]1O.[H+]
15,50.858536,Q8PBP3,ADP-dependent (S)-NAD(P)H-hydrate dehydratase,Xanthomonas campestris pv. campestris (strain ATCC 33913 / DSM 3586 / NCPPB 528 / LMG 568 / P 25) OX=190485,12.0,MNXR113625,MNXR113626_0.5206196934885686_0.7425507295612764,4.2.1.-;4.2.1.136,3.0,0.0,0.52062,0.742551,-1,0.631585,46.5,30.4,7.3,21.6,28801.51,10.3342,29.758,Cc1ncc(COP(=O)([O-])OP(=O)([O-])[O-])c(N)n1.[H]O[H]>>Cc1ncc(COP(=O)([O-])[O-])c(N)n1.O=P([O-])([O-])O.[H+],Nc1ncnc2c1ncn2[C@@H]1O[C@H](COP(=O)([O-])OP(=O)([O-])[O-])[C@@H](O)[C@H]1O.NC(=O)C1=CN([C@@H]2O[C@H](COP(=O)([O-])OP(=O)([O-])OC[C@H]3O[C@@H](n4cnc5c(N)ncnc54)[C@H](O)[C@@H]3O)[C@@H](O)[C@H]2O)[C@@H](O)CC1>>O=P([O-])([O-])O.[H+].NC(=O)C1=CN([C@@H]2O[C@H](COP(=O)([O-])OP(=O)([O-])OC[C@H]3O[C@@H](n4cnc5c(N)ncnc54)[C@H](O)[C@@H]3O)[C@@H](O)[C@H]2O)C=CC1.Nc1ncnc2c1ncn2[C@@H]1O[C@H](COP(=O)([O-])[O-])[C@@H](O)[C@H]1O
16,50.833834,A0A482PU20,Glutathione synthetase,Citrobacter rodentium OX=67825,6.0,MNXR114298,-,6.3.2.3,1.0,0.0,0.51033,0.628347,1,0.569336,44.1,19.7,19.4,22.1,35288.59,4.9196,43.810,Cc1ncc(COP(=O)([O-])OP(=O)([O-])[O-])c(N)n1.[H]O[H]>>Cc1ncc(COP(=O)([O-])[O-])c(N)n1.O=P([O-])([O-])O.[H+],O=P([O-])([O-])O.Nc1ncnc2c1ncn2[C@@H]1O[C@H](COP(=O)([O-])OP(=O)([O-])[O-])[C@@H](O)[C@H]1O.[H+].CC[C@H](NC(=O)CC[C@H](N)C(=O)O)C(=O)NCC(=O)O>>Nc1ncnc2c1ncn2[C@@H]1O[C@H](COP(=O)([O-])OP(=O)([O-])OP(=O)([O-])[O-])[C@@H](O)[C@H]1O.[NH3+]CC(=O)[O-].CC[C@H](NC(=O)CC[C@H](N)C(=O)O)C(=O)O
17,50.633834,Q83Q91,Glutathione synthetase,Shigella flexneri OX=623,6.0,MNXR114298,-,6.3.2.3,3.0,0.0,0.51033,0.628347,1,0.569336,44.3,19.3,18.0,23.7,35507.85,4.7786,43.987,Cc1ncc(COP(=O)([O-])OP(=O)([O-])[O-])c(N)n1.[H]O[H]>>Cc1ncc(COP(=O)([O-])[O-])c(N)n1.O=P([O-])([O-])O.[H+],O=P([O-])([O-])O.Nc1ncnc2c1ncn2[C@@H]1O[C@H](COP(=O)([O-])OP(=O)([O-])[O-])[C@@H](O)[C@H]1O.[H+].CC[C@H](NC(=O)CC[C@H](N)C(=O)O)C(=O)NCC(=O)O>>Nc1ncnc2c1ncn2[C@@H]1O[C@H](COP(=O)([O-])OP(=O)([O-])OP(=O)([O-])[O-])[C@@H](O)[C@H]1O.[NH3+]CC(=O)[O-].CC[C@H](NC(=O)CC[C@H](N)C(=O)O)C(=O)O
18,49.858536,Q5F8G9,ADP-dependent (S)-NAD(P)H-hydrate dehydratase,Neisseria gonorrhoeae (strain ATCC 700825 / FA 1090) OX=242231,13.0,MNXR113625,MNXR113626_0.5206196934885686_0.7425507295612764,4.2.1.-;4.2.1.136,3.0,0.0,0.52062,0.742551,-1,0.631585,50.7,23.6,12.1,19.3,30240.63,7.1144,35.811,Cc1ncc(COP(=O)([O-])OP(=O)([O-])[O-])c(N)n1.[H]O[H]>>Cc1ncc(COP(=O)([O-])[O-])c(N)n1.O=P([O-])([O-])O.[H+],Nc1ncnc2c1ncn2[C@@H]1O[C@H](COP(=O)([O-])OP(=O)([O-])[O-])[C@@H](O)[C@H]1O.NC(=O)C1=CN([C@@H]2O[C@H](COP(=O)([O-])OP(=O)([O-])OC[C@H]3O[C@@H](n4cnc5c(N)ncnc54)[C@H](O)[C@@H]3O)[C@@H](O)[C@H]2O)[C@@H](O)CC1>>O=P([O-])([O-])O.[H+].NC(=O)C1=CN([C@@H]2O[C@H](COP(=O)([O-])OP(=O)([O-])OC[C@H]3O[C@@H](n4cnc5c(N)ncnc54)[C@H](O)[C@@H]3O)[C@@H](O)[C@H]2O)C=CC1.Nc1ncnc2c1ncn2[C@@H]1O[C@H](COP(=O)([O-])[O-])[C@@H](O)[C@H]1O
19,49.858536,Q7VU32,ADP-dependent (S)-NAD(P)H-hydrate dehydratase,Bordetella pertussis (strain Tohama I / ATCC BAA-589 / NCTC 13251) OX=257313,13.0,MNXR113625,MNXR113626_0.5206196934885686_0.7425507295612764,4.2.1.-;4.2.1.136,3.0,0.0,0.52062,0.742551,-1,0.631585,45.8,25.1,16.2,18.8,28601.95,6.6592,29.965,Cc1ncc(COP(=O)([O-])OP(=O)([O-])[O-])c(N)n1.[H]O[H]>>Cc1ncc(COP(=O)([O-])[O-])c(N)n1.O=P([O-])([O-])O.[H+],Nc1ncnc2c1ncn2[C@@H]1O[C@H](COP(=O)([O-])OP(=O)([O-])[O-])[C@@H](O)[C@H]1O.NC(=O)C1=CN([C@@H]2O[C@H](COP(=O)([O-])OP(=O)([O-])OC[C@H]3O[C@@H](n4cnc5c(N)ncnc54)[C@H](O)[C@@H]3O)[C@@H](O)[C@H]2O)[C@@H](O)CC1>>O=P([O-])([O-])O.[H+].NC(=O)C1=CN([C@@H]2O[C@H](COP(=O)([O-])OP(=O)([O-])OC[C@H]3O[C@@H](n4cnc5c(N)ncnc54)[C@H](O)[C@@H]3O)[C@@H](O)[C@H]2O)C=CC1.Nc1ncnc2c1ncn2[C@@H]1O[C@H](COP(=O)([O-])[O-])[C@@H](O)[C@H]1O
20,49.858536,Q9KMX5,Bifunctional NAD(P)H-hydrate repair enzyme Nnr,Vibrio cholerae serotype O1 (strain ATCC 39315 / El Tor Inaba N16961) OX=243277,13.0,MNXR113625,MNXR113626_0.5206196934885686_0.7425507295612764,4.2.1.-;4.2.1.136,3.0,0.0,0.52062,0.742551,-1,0.631585,32.8,32.2,16.3,22.0,52770.58,6.3195,39.271,Cc1ncc(COP(=O)([O-])OP(=O)([O-])[O-])c(N)n1.[H]O[H]>>Cc1ncc(COP(=O)([O-])[O-])c(N)n1.O=P([O-])([O-])O.[H+],Nc1ncnc2c1ncn2[C@@H]1O[C@H](COP(=O)([O-])OP(=O)([O-])[O-])[C@@H](O)[C@H]1O.NC(=O)C1=CN([C@@H]2O[C@H](COP(=O)([O-])OP(=O)([O-])OC[C@H]3O[C@@H](n4cnc5c(N)ncnc54)[C@H](O)[C@@H]3O)[C@@H](O)[C@H]2O)[C@@H](O)CC1>>O=P([O-])([O-])O.[H+].NC(=O)C1=CN([C@@H]2O[C@H](COP(=O)([O-])OP(=O)([O-])OC[C@H]3O[C@@H](n4cnc5c(N)ncnc54)[C@H](O)[C@@H]3O)[C@@H](O)[C@H]2O)C=CC1.Nc1ncnc2c1ncn2[C@@H]1O[C@H](COP(=O)([O-])[O-])[C@@H](O)[C@H]1O
21,49.633834,A4WDQ2,Glutamate--cysteine ligase,Enterobacter sp. (strain 638) OX=399742,7.0,MNXR180492,-,6.3.2.2;6.3.2.3,3.0,0.0,0.51033,0.628347,-1,0.569336,39.4,23.7,18.7,21.5,57974.83,4.8654,45.914,Cc1ncc(COP(=O)([O-])OP(=O)([O-])[O-])c(N)n1.[H]O[H]>>Cc1ncc(COP(=O)([O-])[O-])c(N)n1.O=P([O-])([O-])O.[H+],[NH3+][C@@H](CCC(=O)[O-])C(=O)[O-].Nc1ncnc2c1ncn2[C@@H]1O[C@H](COP(=O)([O-])OP(=O)([O-])OP(=O)([O-])[O-])[C@@H](O)[C@H]1O.[NH3+]CC(=O)[O-].NC(CS)C(=O)O>>[NH3+][C@@H](CCC(=O)N[C@@H](CS)C(=O)NCC(=O)[O-])C(=O)[O-].O=P([O-])([O-])O.Nc1ncnc2c1ncn2[C@@H]1O[C@H](COP(=O)([O-])OP(=O)([O-])[O-])[C@@H](O)[C@H]1O.[H+]
22,49.633834,Q324W2,Putative glutamate--cysteine ligase 2,Shigella boydii serotype 4 (strain Sb227) OX=300268,7.0,MNXR180492,-,6.3.2.2;6.3.2.3,3.0,0.0,0.51033,0.628347,-1,0.569336,39.9,19.1,25.6,19.9,41653.37,6.1207,44.892,Cc1ncc(COP(=O)([O-])OP(=O)([O-])[O-])c(N)n1.[H]O[H]>>Cc1ncc(COP(=O)([O-])[O-])c(N)n1.O=P([O-])([O-])O.[H+],[NH3+][C@@H](CCC(=O)[O-])C(=O)[O-].Nc1ncnc2c1ncn2[C@@H]1O[C@H](COP(=O)([O-])OP(=O)([O-])OP(=O)([O-])[O-])[C@@H](O)[C@H]1O.[NH3+]CC(=O)[O-].NC(CS)C(=O)O>>[NH3+][C@@H](CCC(=O)N[C@@H](CS)C(=O)NCC(=O)[O-])C(=O)[O-].O=P([O-])([O-])O.Nc1ncnc2c1ncn2[C@@H]1O[C@H](COP(=O)([O-])OP(=O)([O-])[O-])[C@@H](O)[C@H]1O.[H+]
23,48.858536,Q9JRZ9,ADP-dependent (S)-NAD(P)H-hydrate dehydratase,Neisseria meningitidis serogroup B (strain MC58) OX=122586,14.0,MNXR113625,MNXR113626_0.5206196934885686_0.7425507295612764,4.2.1.-;4.2.1.136,3.0,0.0,0.52062,0.742551,-1,0.631585,46.1,30.4,12.9,16.4,30346.93,8.0082,35.473,Cc1ncc(COP(=O)([O-])OP(=O)([O-])[O-])c(N)n1.[H]O[H]>>Cc1ncc(COP(=O)([O-])[O-])c(N)n1.O=P([O-])([O-])O.[H+],Nc1ncnc2c1ncn2[C@@H]1O[C@H](COP(=O)([O-])OP(=O)([O-])[O-])[C@@H](O)[C@H]1O.NC(=O)C1=CN([C@@H]2O[C@H](COP(=O)([O-])OP(=O)([O-])OC[C@H]3O[C@@H](n4cnc5c(N)ncnc54)[C@H](O)[C@@H]3O)[C@@H](O)[C@H]2O)[C@@H](O)CC1>>O=P([O-])([O-])O.[H+].NC(=O)C1=CN([C@@H]2O[C@H](COP(=O)([O-])OP(=O)([O-])OC[C@H]3O[C@@H](n4cnc5c(N)ncnc54)[C@H](O)[C@@H]3O)[C@@H](O)[C@H]2O)C=CC1.Nc1ncnc2c1ncn2[C@@H]1O[C@H](COP(=O)([O-])[O-])[C@@H](O)[C@H]1O
24,48.633834,P58581,Glutathione synthetase,Salmonella typhi OX=90370,8.0,MNXR114298,-,6.3.2.3,3.0,0.0,0.51033,0.628347,1,0.569336,46.2,21.1,17.7,20.4,35379.73,4.7365,42.857,Cc1ncc(COP(=O)([O-])OP(=O)([O-])[O-])c(N)n1.[H]O[H]>>Cc1ncc(COP(=O)([O-])[O-])c(N)n1.O=P([O-])([O-])O.[H+],O=P([O-])([O-])O.Nc1ncnc2c1ncn2[C@@H]1O[C@H](COP(=O)([O-])OP(=O)([O-])[O-])[C@@H](O)[C@H]1O.[H+].CC[C@H](NC(=O)CC[C@H](N)C(=O)O)C(=O)NCC(=O)O>>Nc1ncnc2c1ncn2[C@@H]1O[C@H](COP(=O)([O-])OP(=O)([O-])OP(=O)([O-])[O-])[C@@H](O)[C@H]1O.[NH3+]CC(=O)[O-].CC[C@H](NC(=O)CC[C@H](N)C(=O)O)C(=O)O
25,48.633834,A9ML47,Putative glutamate--cysteine ligase 2,Salmonella arizonae (strain ATCC BAA-731 / CDC346-86 / RSK2980) OX=41514,8.0,MNXR180492,-,6.3.2.2;6.3.2.3,3.0,0.0,0.51033,0.628347,-1,0.569336,32.9,21.3,28.1,22.2,41718.30,5.3451,44.086,Cc1ncc(COP(=O)([O-])OP(=O)([O-])[O-])c(N)n1.[H]O[H]>>Cc1ncc(COP(=O)([O-])[O-])c(N)n1.O=P([O-])([O-])O.[H+],[NH3+][C@@H](CCC(=O)[O-])C(=O)[O-].Nc1ncnc2c1ncn2[C@@H]1O[C@H](COP(=O)([O-])OP(=O)([O-])OP(=O)([O-])[O-])[C@@H](O)[C@H]1O.[NH3+]CC(=O)[O-].NC(CS)C(=O)O>>[NH3+][C@@H](CCC(=O)N[C@@H](CS)C(=O)NCC(=O)[O-])C(=O)[O-].O=P([O-])([O-])O.Nc1ncnc2c1ncn2[C@@H]1O[C@H](COP(=O)([O-])OP(=O)([O-])[O-])[C@@H](O)[C@H]1O.[H+]
26,48.475434,Q05600,Cobalamin biosynthesis protein CbiB,Salmonella typhimurium (strain LT2 / SGSC1412 / ATCC 700720) OX=99287,9.0,MNXR190579,-,6.3.1.10,3.0,0.0,0.51033,0.645179,-1,0.577752,36.6,31.7,20.1,16.8,35370.30,9.6783,33.856,Cc1ncc(COP(=O)([O-])OP(=O)([O-])[O-])c(N)n1.[H]O[H]>>Cc1ncc(COP(=O)([O-])[O-])c(N)n1.O=P([O-])([O-])O.[H+],C[C@H](C[NH3+])OP(=O)([O-])[O-].Nc1ncnc2c1ncn2[C@@H]1O[C@H](COP(=O)([O-])OP(=O)([O-])OP(=O)([O-])[O-])[C@@H](O)[C@H]1O.CC1=C2[N+]3=C(C=C4[N+]5=C(C(C)=C6N7[C@H]([C@H](CC(N)=O)[C@@]6(C)CCC(=O)[O-])[C@]6(C)[N+](=C1[C@@H](CCC(N)=O)[C@]6(C)CC(N)=O)[Co-2]753C[C@H]1O[C@@H](n3cnc5c(N)ncnc53)[C@H](O)[C@@H]1O)[C@@H](CCC(N)=O)C4(C)C)[C@@H](CCC(N)=O)[C@]2(C)CC(N)=O>>Nc1ncnc2c1ncn2[C@@H]1O[C@H](COP(=O)([O-])OP(=O)([O-])[O-])[C@@H](O)[C@H]1O.CC1=C2[N+]3=C(C=C4[N+]5=C(C(C)=C6N7[C@H]([C@H](CC(N)=O)[C@@]6(C)CCC(=O)NC[C@@H](C)OP(=O)([O-])[O-])[C@]6(C)[N+](=C1[C@@H](CCC(N)=O)[C@]6(C)CC(N)=O)[Co-2]753C[C@H]1O[C@@H](n3cnc5c(N)ncnc53)[C@H](O)[C@@H]1O)[C@@H](CCC(N)=O)C4(C)C)[C@@H](CCC(N)=O)[C@]2(C)CC(N)=O.[H+].O=P([O-])([O-])O
27,48.058536,P56176,Bifunctional NAD(P)H-hydrate repair enzyme Nnr,Helicobacter pylori (strain ATCC 700392 / 26695) OX=85962,15.0,MNXR113625,MNXR113626_0.5206196934885686_0.7425507295612764,4.2.1.-;4.2.1.136,1.0,0.0,0.52062,0.742551,-1,0.631585,60.9,20.7,12.4,9.6,50737.16,7.0289,41.416,Cc1ncc(COP(=O)([O-])OP(=O)([O-])[O-])c(N)n1.[H]O[H]>>Cc1ncc(COP(=O)([O-])[O-])c(N)n1.O=P([O-])([O-])O.[H+],Nc1ncnc2c1ncn2[C@@H]1O[C@H](COP(=O)([O-])OP(=O)([O-])[O-])[C@@H](O)[C@H]1O.NC(=O)C1=CN([C@@H]2O[C@H](COP(=O)([O-])OP(=O)([O-])OC[C@H]3O[C@@H](n4cnc5c(N)ncnc54)[C@H](O)[C@@H]3O)[C@@H](O)[C@H]2O)[C@@H](O)CC1>>O=P([O-])([O-])O.[H+].NC(=O)C1=CN([C@@H]2O[C@H](COP(=O)([O-])OP(=O)([O-])OC[C@H]3O[C@@H](n4cnc5c(N)ncnc54)[C@H](O)[C@@H]3O)[C@@H](O)[C@H]2O)C=CC1.Nc1ncnc2c1ncn2[C@@H]1O[C@H](COP(=O)([O-])[O-])[C@@H](O)[C@H]1O
28,48.058536,Q9X024,Bifunctional NAD(P)H-hydrate repair enzyme Nnr,Thermotoga maritima (strain ATCC 43589 / DSM 3109 / JCM 10099 / NBRC 100826 / MSB8) OX=243274,15.0,MNXR113625,MNXR113626_0.5206196934885686_0.7425507295612764,4.2.1.-;4.2.1.136,1.0,0.0,0.52062,0.742551,-1,0.631585,38.2,31.9,13.5,19.8,53004.23,5.7727,42.245,Cc1ncc(COP(=O)([O-])OP(=O)([O-])[O-])c(N)n1.[H]O[H]>>Cc1ncc(COP(=O)([O-])[O-])c(N)n1.O=P([O-])([O-])O.[H+],Nc1ncnc2c1ncn2[C@@H]1O[C@H](COP(=O)([O-])OP(=O)([O-])[O-])[C@@H](O)[C@H]1O.NC(=O)C1=CN([C@@H]2O[C@H](COP(=O)([O-])OP(=O)([O-])OC[C@H]3O[C@@H](n4cnc5c(N)ncnc54)[C@H](O)[C@@H]3O)[C@@H](O)[C@H]2O)[C@@H](O)CC1>>O=P([O-])([O-])O.[H+].NC(=O)C1=CN([C@@H]2O[C@H](COP(=O)([O-])OP(=O)([O-])OC[C@H]3O[C@@H](n4cnc5c(N)ncnc54)[C@H](O)[C@@H]3O)[C@@H](O)[C@H]2O)C=CC1.Nc1ncnc2c1ncn2[C@@H]1O[C@H](COP(=O)([O-])[O-])[C@@H](O)[C@H]1O
29,47.858536,B5YIM0,Bifunctional NAD(P)H-hydrate repair enzyme Nnr,Thermodesulfovibrio yellowstonii (strain ATCC 51303 / DSM 11347 / YP87) OX=289376,15.0,MNXR113625,MNXR113626_0.5206196934885686_0.7425507295612764,4.2.1.-;4.2.1.136,3.0,0.0,0.52062,0.742551,-1,0.631585,44.8,27.9,11.2,19.3,55362.64,5.5294,40.272,Cc1ncc(COP(=O)([O-])OP(=O)([O-])[O-])c(N)n1.[H]O[H]>>Cc1ncc(COP(=O)([O-])[O-])c(N)n1.O=P([O-])([O-])O.[H+],Nc1ncnc2c1ncn2[C@@H]1O[C@H](COP(=O)([O-])OP(=O)([O-])[O-])[C@@H](O)[C@H]1O.NC(=O)C1=CN([C@@H]2O[C@H](COP(=O)([O-])OP(=O)([O-])OC[C@H]3O[C@@H](n4cnc5c(N)ncnc54)[C@H](O)[C@@H]3O)[C@@H](O)[C@H]2O)[C@@H](O)CC1>>O=P([O-])([O-])O.[H+].NC(=O)C1=CN([C@@H]2O[C@H](COP(=O)([O-])OP(=O)([O-])OC[C@H]3O[C@@H](n4cnc5c(N)ncnc54)[C@H](O)[C@@H]3O)[C@@H](O)[C@H]2O)C=CC1.Nc1ncnc2c1ncn2[C@@H]1O[C@H](COP(=O)([O-])[O-])[C@@H](O)[C@H]1O
30,47.858536,O67377,Bifunctional NAD(P)H-hydrate repair enzyme Nnr,Aquifex aeolicus (strain VF5) OX=224324,15.0,MNXR113625,MNXR113626_0.5206196934885686_0.7425507295612764,4.2.1.-;4.2.1.136,3.0,0.0,0.52062,0.742551,-1,0.631585,46.6,23.8,16.6,16.4,54371.80,5.4432,43.086,Cc1ncc(COP(=O)([O-])OP(=O)([O-])[O-])c(N)n1.[H]O[H]>>Cc1ncc(COP(=O)([O-])[O-])c(N)n1.O=P([O-])([O-])O.[H+],Nc1ncnc2c1ncn2[C@@H]1O[C@H](COP(=O)([O-])OP(=O)([O-])[O-])[C@@H](O)[C@H]1O.NC(=O)C1=CN([C@@H]2O[C@H](COP(=O)([O-])OP(=O)([O-])OC[C@H]3O[C@@H](n4cnc5c(N)ncnc54)[C@H](O)[C@@H]3O)[C@@H](O)[C@H]2O)[C@@H](O)CC1>>O=P([O-])([O-])O.[H+].NC(=O)C1=CN([C@@H]2O[C@H](COP(=O)([O-])OP(=O)([O-])OC[C@H]3O[C@@H](n4cnc5c(N)ncnc54)[C@H](O)[C@@H]3O)[C@@H](O)[C@H]2O)C=CC1.Nc1ncnc2c1ncn2[C@@H]1O[C@H](COP(=O)([O-])[O-])[C@@H](O)[C@H]1O
31,47.858536,D1BAA5,Bifunctional NAD(P)H-hydrate repair enzyme Nnr,Thermanaerovibrio acidaminovorans (strain ATCC 49978 / DSM 6589 / Su883) OX=525903,15.0,MNXR113625,MNXR113626_0.5206196934885686_0.7425507295612764,4.2.1.-;4.2.1.136,3.0,0.0,0.52062,0.742551,-1,0.631585,27.4,35.3,15.9,24.6,52793.74,5.6346,33.203,Cc1ncc(COP(=O)([O-])OP(=O)([O-])[O-])c(N)n1.[H]O[H]>>Cc1ncc(COP(=O)([O-])[O-])c(N)n1.O=P([O-])([O-])O.[H+],Nc1ncnc2c1ncn2[C@@H]1O[C@H](COP(=O)([O-])OP(=O)([O-])[O-])[C@@H](O)[C@H]1O.NC(=O)C1=CN([C@@H]2O[C@H](COP(=O)([O-])OP(=O)([O-])OC[C@H]3O[C@@H](n4cnc5c(N)ncnc54)[C@H](O)[C@@H]3O)[C@@H](O)[C@H]2O)[C@@H](O)CC1>>O=P([O-])([O-])O.[H+].NC(=O)C1=CN([C@@H]2O[C@H](COP(=O)([O-])OP(=O)([O-])OC[C@H]3O[C@@H](n4cnc5c(N)ncnc54)[C@H](O)[C@@H]3O)[C@@H](O)[C@H]2O)C=CC1.Nc1ncnc2c1ncn2[C@@H]1O[C@H](COP(=O)([O-])[O-])[C@@H](O)[C@H]1O
32,47.858536,P96051,ADP-dependent (S)-NAD(P)H-hydrate dehydratase,Streptococcus thermophilus OX=1308,15.0,MNXR113625,MNXR113626_0.5206196934885686_0.7425507295612764,4.2.1.-;4.2.1.136,3.0,0.0,0.52062,0.742551,-1,0.631585,48.9,28.2,11.5,17.6,29912.39,6.9618,41.727,Cc1ncc(COP(=O)([O-])OP(=O)([O-])[O-])c(N)n1.[H]O[H]>>Cc1ncc(COP(=O)([O-])[O-])c(N)n1.O=P([O-])([O-])O.[H+],Nc1ncnc2c1ncn2[C@@H]1O[C@H](COP(=O)([O-])OP(=O)([O-])[O-])[C@@H](O)[C@H]1O.NC(=O)C1=CN([C@@H]2O[C@H](COP(=O)([O-])OP(=O)([O-])OC[C@H]3O[C@@H](n4cnc5c(N)ncnc54)[C@H](O)[C@@H]3O)[C@@H](O)[C@H]2O)[C@@H](O)CC1>>O=P([O-])([O-])O.[H+].NC(=O)C1=CN([C@@H]2O[C@H](COP(=O)([O-])OP(=O)([O-])OC[C@H]3O[C@@H](n4cnc5c(N)ncnc54)[C@H](O)[C@@H]3O)[C@@H](O)[C@H]2O)C=CC1.Nc1ncnc2c1ncn2[C@@H]1O[C@H](COP(=O)([O-])[O-])[C@@H](O)[C@H]1O
33,47.858536,B1L3W1,Bifunctional NAD(P)H-hydrate repair enzyme Nnr,Korarchaeum cryptofilum (strain OPF8) OX=374847,15.0,MNXR113625,MNXR113626_0.5206196934885686_0.7425507295612764,4.2.1.-;4.2.1.136,3.0,0.0,0.52062,0.742551,-1,0.631585,41.5,28.1,13.8,19.8,55708.05,4.8991,40.583,Cc1ncc(COP(=O)([O-])OP(=O)([O-])[O-])c(N)n1.[H]O[H]>>Cc1ncc(COP(=O)([O-])[O-])c(N)n1.O=P([O-])([O-])O.[H+],Nc1ncnc2c1ncn2[C@@H]1O[C@H](COP(=O)([O-])OP(=O)([O-])[O-])[C@@H](O)[C@H]1O.NC(=O)C1=CN([C@@H]2O[C@H](COP(=O)([O-])OP(=O)([O-])OC[C@H]3O[C@@H](n4cnc5c(N)ncnc54)[C@H](O)[C@@H]3O)[C@@H](O)[C@H]2O)[C@@H](O)CC1>>O=P([O-])([O-])O.[H+].NC(=O)C1=CN([C@@H]2O[C@H](COP(=O)([O-])OP(=O)([O-])OC[C@H]3O[C@@H](n4cnc5c(N)ncnc54)[C@H](O)[C@@H]3O)[C@@H](O)[C@H]2O)C=CC1.Nc1ncnc2c1ncn2[C@@H]1O[C@H](COP(=O)([O-])[O-])[C@@H](O)[C@H]1O
34,47.858536,Q9ZJM4,Bifunctional NAD(P)H-hydrate repair enzyme Nnr,Helicobacter pylori (strain J99 / ATCC 700824) OX=85963,15.0,MNXR113625,MNXR113626_0.5206196934885686_0.7425507295612764,4.2.1.-;4.2.1.136,3.0,0.0,0.52062,0.742551,-1,0.631585,63.2,19.6,10.5,10.3,50677.20,7.9624,42.026,Cc1ncc(COP(=O)([O-])OP(=O)([O-])[O-])c(N)n1.[H]O[H]>>Cc1ncc(COP(=O)([O-])[O-])c(N)n1.O=P([O-])([O-])O.[H+],Nc1ncnc2c1ncn2[C@@H]1O[C@H](COP(=O)([O-])OP(=O)([O-])[O-])[C@@H](O)[C@H]1O.NC(=O)C1=CN([C@@H]2O[C@H](COP(=O)([O-])OP(=O)([O-])OC[C@H]3O[C@@H](n4cnc5c(N)ncnc54)[C@H](O)[C@@H]3O)[C@@H](O)[C@H]2O)[C@@H](O)CC1>>O=P([O-])([O-])O.[H+].NC(=O)C1=CN([C@@H]2O[C@H](COP(=O)([O-])OP(=O)([O-])OC[C@H]3O[C@@H](n4cnc5c(N)ncnc54)[C@H](O)[C@@H]3O)[C@@H](O)[C@H]2O)C=CC1.Nc1ncnc2c1ncn2[C@@H]1O[C@H](COP(=O)([O-])[O-])[C@@H](O)[C@H]1O
35,47.858536,B8E2P6,Bifunctional NAD(P)H-hydrate repair enzyme Nnr,Dictyoglomus turgidum (strain DSM 6724 / Z-1310) OX=515635,15.0,MNXR113625,MNXR113626_0.5206196934885686_0.7425507295612764,4.2.1.-;4.2.1.136,3.0,0.0,0.52062,0.742551,-1,0.631585,40.0,32.5,15.7,15.1,57286.81,6.7060,40.467,Cc1ncc(COP(=O)([O-])OP(=O)([O-])[O-])c(N)n1.[H]O[H]>>Cc1ncc(COP(=O)([O-])[O-])c(N)n1.O=P([O-])([O-])O.[H+],Nc1ncnc2c1ncn2[C@@H]1O[C@H](COP(=O)([O-])OP(=O)([O-])[O-])[C@@H](O)[C@H]1O.NC(=O)C1=CN([C@@H]2O[C@H](COP(=O)([O-])OP(=O)([O-])OC[C@H]3O[C@@H](n4cnc5c(N)ncnc54)[C@H](O)[C@@H]3O)[C@@H](O)[C@H]2O)[C@@H](O)CC1>>O=P([O-])([O-])O.[H+].NC(=O)C1=CN([C@@H]2O[C@H](COP(=O)([O-])OP(=O)([O-])OC[C@H]3O[C@@H](n4cnc5c(N)ncnc54)[C@H](O)[C@@H]3O)[C@@H](O)[C@H]2O)C=CC1.Nc1ncnc2c1ncn2[C@@H]1O[C@H](COP(=O)([O-])[O-])[C@@H](O)[C@H]1O
36,47.833834,Q8ZR41,Putative glutamate--cysteine ligase 2,Salmonella typhimurium (strain LT2 / SGSC1412 / ATCC 700720) OX=99287,9.0,MNXR180492,-,6.3.2.2;6.3.2.3,1.0,0.0,0.51033,0.628347,-1,0.569336,34.3,21.3,27.8,21.1,41597.15,5.6648,43.817,Cc1ncc(COP(=O)([O-])OP(=O)([O-])[O-])c(N)n1.[H]O[H]>>Cc1ncc(COP(=O)([O-])[O-])c(N)n1.O=P([O-])([O-])O.[H+],[NH3+][C@@H](CCC(=O)[O-])C(=O)[O-].Nc1ncnc2c1ncn2[C@@H]1O[C@H](COP(=O)([O-])OP(=O)([O-])OP(=O)([O-])[O-])[C@@H](O)[C@H]1O.[NH3+]CC(=O)[O-].NC(CS)C(=O)O>>[NH3+][C@@H](CCC(=O)N[C@@H](CS)C(=O)NCC(=O)[O-])C(=O)[O-].O=P([O-])([O-])O.Nc1ncnc2c1ncn2[C@@H]1O[C@H](COP(=O)([O-])OP(=O)([O-])[O-])[C@@H](O)[C@H]1O.[H+]
37,47.633834,C5BGG7,Glutamate--cysteine ligase,Edwardsiella ictaluri (strain 93-146) OX=634503,9.0,MNXR180492,-,6.3.2.2;6.3.2.3,3.0,0.0,0.51033,0.628347,-1,0.569336,27.2,26.2,24.1,25.6,57761.37,6.3479,43.545,Cc1ncc(COP(=O)([O-])OP(=O)([O-])[O-])c(N)n1.[H]O[H]>>Cc1ncc(COP(=O)([O-])[O-])c(N)n1.O=P([O-])([O-])O.[H+],[NH3+][C@@H](CCC(=O)[O-])C(=O)[O-].Nc1ncnc2c1ncn2[C@@H]1O[C@H](COP(=O)([O-])OP(=O)([O-])OP(=O)([O-])[O-])[C@@H](O)[C@H]1O.[NH3+]CC(=O)[O-].NC(CS)C(=O)O>>[NH3+][C@@H](CCC(=O)N[C@@H](CS)C(=O)NCC(=O)[O-])C(=O)[O-].O=P([O-])([O-])O.Nc1ncnc2c1ncn2[C@@H]1O[C@H](COP(=O)([O-])OP(=O)([O-])[O-])[C@@H](O)[C@H]1O.[H+]
38,47.633834,Q8D335,Glutathione synthetase,Wigglesworthia glossinidia brevipalpis OX=36870,9.0,MNXR114298,-,6.3.2.3,3.0,0.0,0.51033,0.628347,1,0.569336,37.0,35.3,18.7,14.3,36506.70,8.8021,45.253,Cc1ncc(COP(=O)([O-])OP(=O)([O-])[O-])c(N)n1.[H]O[H]>>Cc1ncc(COP(=O)([O-])[O-])c(N)n1.O=P([O-])([O-])O.[H+],O=P([O-])([O-])O.Nc1ncnc2c1ncn2[C@@H]1O[C@H](COP(=O)([O-])OP(=O)([O-])[O-])[C@@H](O)[C@H]1O.[H+].CC[C@H](NC(=O)CC[C@H](N)C(=O)O)C(=O)NCC(=O)O>>Nc1ncnc2c1ncn2[C@@H]1O[C@H](COP(=O)([O-])OP(=O)([O-])OP(=O)([O-])[O-])[C@@H](O)[C@H]1O.[NH3+]CC(=O)[O-].CC[C@H](NC(=O)CC[C@H](N)C(=O)O)C(=O)O
39,47.633834,Q5PMF1,Putative glutamate--cysteine ligase 2,Salmonella paratyphi A (strain ATCC 9150 / SARB42) OX=295319,9.0,MNXR180492,-,6.3.2.2;6.3.2.3,3.0,0.0,0.51033,0.628347,-1,0.569336,36.8,20.5,27.5,19.7,41713.36,5.6648,44.086,Cc1ncc(COP(=O)([O-])OP(=O)([O-])[O-])c(N)n1.[H]O[H]>>Cc1ncc(COP(=O)([O-])[O-])c(N)n1.O=P([O-])([O-])O.[H+],[NH3+][C@@H](CCC(=O)[O-])C(=O)[O-].Nc1ncnc2c1ncn2[C@@H]1O[C@H](COP(=O)([O-])OP(=O)([O-])OP(=O)([O-])[O-])[C@@H](O)[C@H]1O.[NH3+]CC(=O)[O-].NC(CS)C(=O)O>>[NH3+][C@@H](CCC(=O)N[C@@H](CS)C(=O)NCC(=O)[O-])C(=O)[O-].O=P([O-])([O-])O.Nc1ncnc2c1ncn2[C@@H]1O[C@H](COP(=O)([O-])OP(=O)([O-])[O-])[C@@H](O)[C@H]1O.[H+]
40,47.633834,P58580,Glutathione synthetase,Salmonella typhimurium (strain LT2 / SGSC1412 / ATCC 700720) OX=99287,9.0,MNXR114298,-,6.3.2.3,3.0,0.0,0.51033,0.628347,1,0.569336,46.5,20.4,17.1,21.4,35432.78,4.8042,43.175,Cc1ncc(COP(=O)([O-])OP(=O)([O-])[O-])c(N)n1.[H]O[H]>>Cc1ncc(COP(=O)([O-])[O-])c(N)n1.O=P([O-])([O-])O.[H+],O=P([O-])([O-])O.Nc1ncnc2c1ncn2[C@@H]1O[C@H](COP(=O)([O-])OP(=O)([O-])[O-])[C@@H](O)[C@H]1O.[H+].CC[C@H](NC(=O)CC[C@H](N)C(=O)O)C(=O)NCC(=O)O>>Nc1ncnc2c1ncn2[C@@H]1O[C@H](COP(=O)([O-])OP(=O)([O-])OP(=O)([O-])[O-])[C@@H](O)[C@H]1O.[NH3+]CC(=O)[O-].CC[C@H](NC(=O)CC[C@H](N)C(=O)O)C(=O)O
41,47.633834,P58582,Glutathione synthetase,Yersinia pestis OX=632,9.0,MNXR114298,-,6.3.2.3,3.0,0.0,0.51033,0.628347,1,0.569336,43.6,21.5,19.1,21.1,36015.50,5.3248,45.768,Cc1ncc(COP(=O)([O-])OP(=O)([O-])[O-])c(N)n1.[H]O[H]>>Cc1ncc(COP(=O)([O-])[O-])c(N)n1.O=P([O-])([O-])O.[H+],O=P([O-])([O-])O.Nc1ncnc2c1ncn2[C@@H]1O[C@H](COP(=O)([O-])OP(=O)([O-])[O-])[C@@H](O)[C@H]1O.[H+].CC[C@H](NC(=O)CC[C@H](N)C(=O)O)C(=O)NCC(=O)O>>Nc1ncnc2c1ncn2[C@@H]1O[C@H](COP(=O)([O-])OP(=O)([O-])OP(=O)([O-])[O-])[C@@H](O)[C@H]1O.[NH3+]CC(=O)[O-].CC[C@H](NC(=O)CC[C@H](N)C(=O)O)C(=O)O
42,47.058536,Q833Y3,ADP-dependent (S)-NAD(P)H-hydrate dehydratase,Enterococcus faecalis (strain ATCC 700802 / V583) OX=226185,16.0,MNXR113625,MNXR113626_0.5206196934885686_0.7425507295612764,4.2.1.-;4.2.1.136,1.0,0.0,0.52062,0.742551,-1,0.631585,32.0,30.2,20.0,23.6,31723.34,7.3215,45.017,Cc1ncc(COP(=O)([O-])OP(=O)([O-])[O-])c(N)n1.[H]O[H]>>Cc1ncc(COP(=O)([O-])[O-])c(N)n1.O=P([O-])([O-])O.[H+],Nc1ncnc2c1ncn2[C@@H]1O[C@H](COP(=O)([O-])OP(=O)([O-])[O-])[C@@H](O)[C@H]1O.NC(=O)C1=CN([C@@H]2O[C@H](COP(=O)([O-])OP(=O)([O-])OC[C@H]3O[C@@H](n4cnc5c(N)ncnc54)[C@H](O)[C@@H]3O)[C@@H](O)[C@H]2O)[C@@H](O)CC1>>O=P([O-])([O-])O.[H+].NC(=O)C1=CN([C@@H]2O[C@H](COP(=O)([O-])OP(=O)([O-])OC[C@H]3O[C@@H](n4cnc5c(N)ncnc54)[C@H](O)[C@@H]3O)[C@@H](O)[C@H]2O)C=CC1.Nc1ncnc2c1ncn2[C@@H]1O[C@H](COP(=O)([O-])[O-])[C@@H](O)[C@H]1O
43,46.858536,Q8Y6R2,ADP-dependent (S)-NAD(P)H-hydrate dehydratase,Listeria monocytogenes serovar 1/2a (strain ATCC BAA-679 / EGD-e) OX=169963,16.0,MNXR113625,MNXR113626_0.5206196934885686_0.7425507295612764,4.2.1.-;4.2.1.136,3.0,0.0,0.52062,0.742551,-1,0.631585,43.1,24.2,13.8,25.0,29796.23,5.3641,41.667,Cc1ncc(COP(=O)([O-])OP(=O)([O-])[O-])c(N)n1.[H]O[H]>>Cc1ncc(COP(=O)([O-])[O-])c(N)n1.O=P([O-])([O-])O.[H+],Nc1ncnc2c1ncn2[C@@H]1O[C@H](COP(=O)([O-])OP(=O)([O-])[O-])[C@@H](O)[C@H]1O.NC(=O)C1=CN([C@@H]2O[C@H](COP(=O)([O-])OP(=O)([O-])OC[C@H]3O[C@@H](n4cnc5c(N)ncnc54)[C@H](O)[C@@H]3O)[C@@H](O)[C@H]2O)[C@@H](O)CC1>>O=P([O-])([O-])O.[H+].NC(=O)C1=CN([C@@H]2O[C@H](COP(=O)([O-])OP(=O)([O-])OC[C@H]3O[C@@H](n4cnc5c(N)ncnc54)[C@H](O)[C@@H]3O)[C@@H](O)[C@H]2O)C=CC1.Nc1ncnc2c1ncn2[C@@H]1O[C@H](COP(=O)([O-])[O-])[C@@H](O)[C@H]1O
44,46.858536,Q2G2P8,ADP-dependent (S)-NAD(P)H-hydrate dehydratase,Staphylococcus aureus (strain NCTC 8325 / PS 47) OX=93061,16.0,MNXR113625,MNXR113626_0.5206196934885686_0.7425507295612764,4.2.1.-;4.2.1.136,3.0,0.0,0.52062,0.742551,-1,0.631585,38.8,28.5,14.6,24.2,30171.90,6.5121,43.841,Cc1ncc(COP(=O)([O-])OP(=O)([O-])[O-])c(N)n1.[H]O[H]>>Cc1ncc(COP(=O)([O-])[O-])c(N)n1.O=P([O-])([O-])O.[H+],Nc1ncnc2c1ncn2[C@@H]1O[C@H](COP(=O)([O-])OP(=O)([O-])[O-])[C@@H](O)[C@H]1O.NC(=O)C1=CN([C@@H]2O[C@H](COP(=O)([O-])OP(=O)([O-])OC[C@H]3O[C@@H](n4cnc5c(N)ncnc54)[C@H](O)[C@@H]3O)[C@@H](O)[C@H]2O)[C@@H](O)CC1>>O=P([O-])([O-])O.[H+].NC(=O)C1=CN([C@@H]2O[C@H](COP(=O)([O-])OP(=O)([O-])OC[C@H]3O[C@@H](n4cnc5c(N)ncnc54)[C@H](O)[C@@H]3O)[C@@H](O)[C@H]2O)C=CC1.Nc1ncnc2c1ncn2[C@@H]1O[C@H](COP(=O)([O-])[O-])[C@@H](O)[C@H]1O
45,46.858536,Q8NSS3,Bifunctional NAD(P)H-hydrate repair enzyme Nnr,Corynebacterium glutamicum (strain ATCC 13032 / DSM 20300 / BCRC 11384 / JCM 1318 / LMG 3730 / NCIMB 10025) OX=196627,16.0,MNXR113625,MNXR113626_0.5206196934885686_0.7425507295612764,4.2.1.-;4.2.1.136,3.0,0.0,0.52062,0.742551,-1,0.631585,45.5,24.2,11.6,21.5,59795.95,4.9046,37.631,Cc1ncc(COP(=O)([O-])OP(=O)([O-])[O-])c(N)n1.[H]O[H]>>Cc1ncc(COP(=O)([O-])[O-])c(N)n1.O=P([O-])([O-])O.[H+],Nc1ncnc2c1ncn2[C@@H]1O[C@H](COP(=O)([O-])OP(=O)([O-])[O-])[C@@H](O)[C@H]1O.NC(=O)C1=CN([C@@H]2O[C@H](COP(=O)([O-])OP(=O)([O-])OC[C@H]3O[C@@H](n4cnc5c(N)ncnc54)[C@H](O)[C@@H]3O)[C@@H](O)[C@H]2O)[C@@H](O)CC1>>O=P([O-])([O-])O.[H+].NC(=O)C1=CN([C@@H]2O[C@H](COP(=O)([O-])OP(=O)([O-])OC[C@H]3O[C@@H](n4cnc5c(N)ncnc54)[C@H](O)[C@@H]3O)[C@@H](O)[C@H]2O)C=CC1.Nc1ncnc2c1ncn2[C@@H]1O[C@H](COP(=O)([O-])[O-])[C@@H](O)[C@H]1O
46,46.858536,F9UN92,ADP-dependent (S)-NAD(P)H-hydrate dehydratase,Lactiplantibacillus plantarum (strain ATCC BAA-793 / NCIMB 8826 / WCFS1) OX=220668,16.0,MNXR113625,MNXR113626_0.5206196934885686_0.7425507295612764,4.2.1.-;4.2.1.136,3.0,0.0,0.52062,0.742551,-1,0.631585,30.2,34.7,12.2,29.0,29787.15,6.9253,41.007,Cc1ncc(COP(=O)([O-])OP(=O)([O-])[O-])c(N)n1.[H]O[H]>>Cc1ncc(COP(=O)([O-])[O-])c(N)n1.O=P([O-])([O-])O.[H+],Nc1ncnc2c1ncn2[C@@H]1O[C@H](COP(=O)([O-])OP(=O)([O-])[O-])[C@@H](O)[C@H]1O.NC(=O)C1=CN([C@@H]2O[C@H](COP(=O)([O-])OP(=O)([O-])OC[C@H]3O[C@@H](n4cnc5c(N)ncnc54)[C@H](O)[C@@H]3O)[C@@H](O)[C@H]2O)[C@@H](O)CC1>>O=P([O-])([O-])O.[H+].NC(=O)C1=CN([C@@H]2O[C@H](COP(=O)([O-])OP(=O)([O-])OC[C@H]3O[C@@H](n4cnc5c(N)ncnc54)[C@H](O)[C@@H]3O)[C@@H](O)[C@H]2O)C=CC1.Nc1ncnc2c1ncn2[C@@H]1O[C@H](COP(=O)([O-])[O-])[C@@H](O)[C@H]1O
47,46.858536,Q2RGI2,Bifunctional NAD(P)H-hydrate repair enzyme Nnr,Moorella thermoacetica (strain ATCC 39073 / JCM 9320) OX=264732,16.0,MNXR113625,MNXR113626_0.5206196934885686_0.7425507295612764,4.2.1.-;4.2.1.136,3.0,0.0,0.52062,0.742551,-1,0.631585,45.9,25.9,14.0,17.3,55711.62,6.7987,35.660,Cc1ncc(COP(=O)([O-])OP(=O)([O-])[O-])c(N)n1.[H]O[H]>>Cc1ncc(COP(=O)([O-])[O-])c(N)n1.O=P([O-])([O-])O.[H+],Nc1ncnc2c1ncn2[C@@H]1O[C@H](COP(=O)([O-])OP(=O)([O-])[O-])[C@@H](O)[C@H]1O.NC(=O)C1=CN([C@@H]2O[C@H](COP(=O)([O-])OP(=O)([O-])OC[C@H]3O[C@@H](n4cnc5c(N)ncnc54)[C@H](O)[C@@H]3O)[C@@H](O)[C@H]2O)[C@@H](O)CC1>>O=P([O-])([O-])O.[H+].NC(=O)C1=CN([C@@H]2O[C@H](COP(=O)([O-])OP(=O)([O-])OC[C@H]3O[C@@H](n4cnc5c(N)ncnc54)[C@H](O)[C@@H]3O)[C@@H](O)[C@H]2O)C=CC1.Nc1ncnc2c1ncn2[C@@H]1O[C@H](COP(=O)([O-])[O-])[C@@H](O)[C@H]1O
48,46.858536,Q7UFW7,ADP-dependent (S)-NAD(P)H-hydrate dehydratase,Rhodopirellula baltica (strain DSM 10527 / NCIMB 13988 / SH1) OX=243090,16.0,MNXR113625,MNXR113626_0.5206196934885686_0.7425507295612764,4.2.1.-;4.2.1.136,3.0,0.0,0.52062,0.742551,-1,0.631585,38.2,30.9,14.2,22.2,30876.02,5.2718,37.829,Cc1ncc(COP(=O)([O-])OP(=O)([O-])[O-])c(N)n1.[H]O[H]>>Cc1ncc(COP(=O)([O-])[O-])c(N)n1.O=P([O-])([O-])O.[H+],Nc1ncnc2c1ncn2[C@@H]1O[C@H](COP(=O)([O-])OP(=O)([O-])[O-])[C@@H](O)[C@H]1O.NC(=O)C1=CN([C@@H]2O[C@H](COP(=O)([O-])OP(=O)([O-])OC[C@H]3O[C@@H](n4cnc5c(N)ncnc54)[C@H](O)[C@@H]3O)[C@@H](O)[C@H]2O)[C@@H](O)CC1>>O=P([O-])([O-])O.[H+].NC(=O)C1=CN([C@@H]2O[C@H](COP(=O)([O-])OP(=O)([O-])OC[C@H]3O[C@@H](n4cnc5c(N)ncnc54)[C@H](O)[C@@H]3O)[C@@H](O)[C@H]2O)C=CC1.Nc1ncnc2c1ncn2[C@@H]1O[C@H](COP(=O)([O-])[O-])[C@@H](O)[C@H]1O
49,46.858536,P37391,Bifunctional NAD(P)H-hydrate repair enzyme Nnr,Mycobacterium leprae (strain TN) OX=272631,16.0,MNXR113625,MNXR113626_0.5206196934885686_0.7425507295612764,4.2.1.-;4.2.1.136,3.0,0.0,0.52062,0.742551,-1,0.631585,36.5,35.4,11.6,19.9,47226.99,6.1730,31.290,Cc1ncc(COP(=O)([O-])OP(=O)([O-])[O-])c(N)n1.[H]O[H]>>Cc1ncc(COP(=O)([O-])[O-])c(N)n1.O=P([O-])([O-])O.[H+],Nc1ncnc2c1ncn2[C@@H]1O[C@H](COP(=O)([O-])OP(=O)([O-])[O-])[C@@H](O)[C@H]1O.NC(=O)C1=CN([C@@H]2O[C@H](COP(=O)([O-])OP(=O)([O-])OC[C@H]3O[C@@H](n4cnc5c(N)ncnc54)[C@H](O)[C@@H]3O)[C@@H](O)[C@H]2O)[C@@H](O)CC1>>O=P([O-])([O-])O.[H+].NC(=O)C1=CN([C@@H]2O[C@H](COP(=O)([O-])OP(=O)([O-])OC[C@H]3O[C@@H](n4cnc5c(N)ncnc54)[C@H](O)[C@@H]3O)[C@@H](O)[C@H]2O)C=CC1.Nc1ncnc2c1ncn2[C@@H]1O[C@H](COP(=O)([O-])[O-])[C@@H](O)[C@H]1O
50,46.858536,Q8DQD2,ADP-dependent (S)-NAD(P)H-hydrate dehydratase,Streptococcus pneumoniae (strain ATCC BAA-255 / R6) OX=171101,16.0,MNXR113625,MNXR113626_0.5206196934885686_0.7425507295612764,4.2.1.-;4.2.1.136,3.0,0.0,0.52062,0.742551,-1,0.631585,42.7,26.3,12.8,24.1,31440.32,8.3968,42.759,Cc1ncc(COP(=O)([O-])OP(=O)([O-])[O-])c(N)n1.[H]O[H]>>Cc1ncc(COP(=O)([O-])[O-])c(N)n1.O=P([O-])([O-])O.[H+],Nc1ncnc2c1ncn2[C@@H]1O[C@H](COP(=O)([O-])OP(=O)([O-])[O-])[C@@H](O)[C@H]1O.NC(=O)C1=CN([C@@H]2O[C@H](COP(=O)([O-])OP(=O)([O-])OC[C@H]3O[C@@H](n4cnc5c(N)ncnc54)[C@H](O)[C@@H]3O)[C@@H](O)[C@H]2O)[C@@H](O)CC1>>O=P([O-])([O-])O.[H+].NC(=O)C1=CN([C@@H]2O[C@H](COP(=O)([O-])OP(=O)([O-])OC[C@H]3O[C@@H](n4cnc5c(N)ncnc54)[C@H](O)[C@@H]3O)[C@@H](O)[C@H]2O)C=CC1.Nc1ncnc2c1ncn2[C@@H]1O[C@H](COP(=O)([O-])[O-])[C@@H](O)[C@H]1O
51,46.633834,P57612,Glutathione synthetase,Buchnera aphidicola subsp. Acyrthosiphon pisum (strain APS) OX=107806,10.0,MNXR114298,-,6.3.2.3,3.0,0.0,0.51033,0.628347,1,0.569336,35.9,28.9,21.4,19.1,37022.47,9.4949,47.812,Cc1ncc(COP(=O)([O-])OP(=O)([O-])[O-])c(N)n1.[H]O[H]>>Cc1ncc(COP(=O)([O-])[O-])c(N)n1.O=P([O-])([O-])O.[H+],O=P([O-])([O-])O.Nc1ncnc2c1ncn2[C@@H]1O[C@H](COP(=O)([O-])OP(=O)([O-])[O-])[C@@H](O)[C@H]1O.[H+].CC[C@H](NC(=O)CC[C@H](N)C(=O)O)C(=O)NCC(=O)O>>Nc1ncnc2c1ncn2[C@@H]1O[C@H](COP(=O)([O-])OP(=O)([O-])OP(=O)([O-])[O-])[C@@H](O)[C@H]1O.[NH3+]CC(=O)[O-].CC[C@H](NC(=O)CC[C@H](N)C(=O)O)C(=O)O
52,46.633834,Q8K931,Glutathione synthetase,Buchnera aphidicola subsp. Schizaphis graminum (strain Sg) OX=198804,10.0,MNXR114298,-,6.3.2.3,3.0,0.0,0.51033,0.628347,1,0.569336,47.0,25.3,18.1,14.8,37166.49,9.8164,49.688,Cc1ncc(COP(=O)([O-])OP(=O)([O-])[O-])c(N)n1.[H]O[H]>>Cc1ncc(COP(=O)([O-])[O-])c(N)n1.O=P([O-])([O-])O.[H+],O=P([O-])([O-])O.Nc1ncnc2c1ncn2[C@@H]1O[C@H](COP(=O)([O-])OP(=O)([O-])[O-])[C@@H](O)[C@H]1O.[H+].CC[C@H](NC(=O)CC[C@H](N)C(=O)O)C(=O)NCC(=O)O>>Nc1ncnc2c1ncn2[C@@H]1O[C@H](COP(=O)([O-])OP(=O)([O-])OP(=O)([O-])[O-])[C@@H](O)[C@H]1O.[NH3+]CC(=O)[O-].CC[C@H](NC(=O)CC[C@H](N)C(=O)O)C(=O)O
53,46.633834,P59495,Glutathione synthetase,Buchnera aphidicola subsp. Baizongia pistaciae (strain Bp) OX=224915,10.0,MNXR114298,MNXR180492_0.5103251637201857_0.628346676194679,6.3.2.3,3.0,0.0,0.51033,0.628347,1,0.569336,21.8,35.4,29.2,18.8,37362.54,10.1113,51.235,Cc1ncc(COP(=O)([O-])OP(=O)([O-])[O-])c(N)n1.[H]O[H]>>Cc1ncc(COP(=O)([O-])[O-])c(N)n1.O=P([O-])([O-])O.[H+],O=P([O-])([O-])O.Nc1ncnc2c1ncn2[C@@H]1O[C@H](COP(=O)([O-])OP(=O)([O-])[O-])[C@@H](O)[C@H]1O.[H+].CC[C@H](NC(=O)CC[C@H](N)C(=O)O)C(=O)NCC(=O)O>>Nc1ncnc2c1ncn2[C@@H]1O[C@H](COP(=O)([O-])OP(=O)([O-])OP(=O)([O-])[O-])[C@@H](O)[C@H]1O.[NH3+]CC(=O)[O-].CC[C@H](NC(=O)CC[C@H](N)C(=O)O)C(=O)O
54,46.633834,Q7M7H8,Glutathione synthetase,Photorhabdus laumondii subsp. laumondii (strain DSM 15139 / CIP 105565 / TT01) OX=243265,10.0,MNXR114298,-,6.3.2.3,3.0,0.0,0.51033,0.628347,1,0.569336,48.3,19.0,18.7,19.3,35765.05,5.0435,45.570,Cc1ncc(COP(=O)([O-])OP(=O)([O-])[O-])c(N)n1.[H]O[H]>>Cc1ncc(COP(=O)([O-])[O-])c(N)n1.O=P([O-])([O-])O.[H+],O=P([O-])([O-])O.Nc1ncnc2c1ncn2[C@@H]1O[C@H](COP(=O)([O-])OP(=O)([O-])[O-])[C@@H](O)[C@H]1O.[H+].CC[C@H](NC(=O)CC[C@H](N)C(=O)O)C(=O)NCC(=O)O>>Nc1ncnc2c1ncn2[C@@H]1O[C@H](COP(=O)([O-])OP(=O)([O-])OP(=O)([O-])[O-])[C@@H](O)[C@H]1O.[NH3+]CC(=O)[O-].CC[C@H](NC(=O)CC[C@H](N)C(=O)O)C(=O)O
55,46.058536,P9WF11,Bifunctional NAD(P)H-hydrate repair enzyme Nnr,Mycobacterium tuberculosis (strain ATCC 25618 / H37Rv) OX=83332,17.0,MNXR113625,MNXR113626_0.5206196934885686_0.7425507295612764,4.2.1.-;4.2.1.136,1.0,0.0,0.52062,0.742551,-1,0.631585,41.1,30.6,10.9,20.8,46857.26,5.9471,31.078,Cc1ncc(COP(=O)([O-])OP(=O)([O-])[O-])c(N)n1.[H]O[H]>>Cc1ncc(COP(=O)([O-])[O-])c(N)n1.O=P([O-])([O-])O.[H+],Nc1ncnc2c1ncn2[C@@H]1O[C@H](COP(=O)([O-])OP(=O)([O-])[O-])[C@@H](O)[C@H]1O.NC(=O)C1=CN([C@@H]2O[C@H](COP(=O)([O-])OP(=O)([O-])OC[C@H]3O[C@@H](n4cnc5c(N)ncnc54)[C@H](O)[C@@H]3O)[C@@H](O)[C@H]2O)[C@@H](O)CC1>>O=P([O-])([O-])O.[H+].NC(=O)C1=CN([C@@H]2O[C@H](COP(=O)([O-])OP(=O)([O-])OC[C@H]3O[C@@H](n4cnc5c(N)ncnc54)[C@H](O)[C@@H]3O)[C@@H](O)[C@H]2O)C=CC1.Nc1ncnc2c1ncn2[C@@H]1O[C@H](COP(=O)([O-])[O-])[C@@H](O)[C@H]1O
56,45.858536,A0RU82,ADP-dependent (S)-NAD(P)H-hydrate dehydratase,Cenarchaeum symbiosum (strain A) OX=414004,17.0,MNXR113625,MNXR113626_0.5206196934885686_0.7425507295612764,4.2.1.-;4.2.1.136,3.0,0.0,0.52062,0.742551,-1,0.631585,45.8,30.6,15.9,13.7,30026.76,8.0858,38.328,Cc1ncc(COP(=O)([O-])OP(=O)([O-])[O-])c(N)n1.[H]O[H]>>Cc1ncc(COP(=O)([O-])[O-])c(N)n1.O=P([O-])([O-])O.[H+],Nc1ncnc2c1ncn2[C@@H]1O[C@H](COP(=O)([O-])OP(=O)([O-])[O-])[C@@H](O)[C@H]1O.NC(=O)C1=CN([C@@H]2O[C@H](COP(=O)([O-])OP(=O)([O-])OC[C@H]3O[C@@H](n4cnc5c(N)ncnc54)[C@H](O)[C@@H]3O)[C@@H](O)[C@H]2O)[C@@H](O)CC1>>O=P([O-])([O-])O.[H+].NC(=O)C1=CN([C@@H]2O[C@H](COP(=O)([O-])OP(=O)([O-])OC[C@H]3O[C@@H](n4cnc5c(N)ncnc54)[C@H](O)[C@@H]3O)[C@@H](O)[C@H]2O)C=CC1.Nc1ncnc2c1ncn2[C@@H]1O[C@H](COP(=O)([O-])[O-])[C@@H](O)[C@H]1O
57,45.858536,O29407,Bifunctional NAD(P)H-hydrate repair enzyme Nnr,Archaeoglobus fulgidus (strain ATCC 49558 / DSM 4304 / JCM 9628 / NBRC 100126 / VC-16) OX=224325,17.0,MNXR113625,MNXR113626_0.5206196934885686_0.7425507295612764,4.2.1.-;4.2.1.136,3.0,0.0,0.52062,0.742551,-1,0.631585,53.3,19.2,13.6,17.4,49614.96,4.9558,40.086,Cc1ncc(COP(=O)([O-])OP(=O)([O-])[O-])c(N)n1.[H]O[H]>>Cc1ncc(COP(=O)([O-])[O-])c(N)n1.O=P([O-])([O-])O.[H+],Nc1ncnc2c1ncn2[C@@H]1O[C@H](COP(=O)([O-])OP(=O)([O-])[O-])[C@@H](O)[C@H]1O.NC(=O)C1=CN([C@@H]2O[C@H](COP(=O)([O-])OP(=O)([O-])OC[C@H]3O[C@@H](n4cnc5c(N)ncnc54)[C@H](O)[C@@H]3O)[C@@H](O)[C@H]2O)[C@@H](O)CC1>>O=P([O-])([O-])O.[H+].NC(=O)C1=CN([C@@H]2O[C@H](COP(=O)([O-])OP(=O)([O-])OC[C@H]3O[C@@H](n4cnc5c(N)ncnc54)[C@H](O)[C@@H]3O)[C@@H](O)[C@H]2O)C=CC1.Nc1ncnc2c1ncn2[C@@H]1O[C@H](COP(=O)([O-])[O-])[C@@H](O)[C@H]1O
58,45.858536,Q2S580,Bifunctional NAD(P)H-hydrate repair enzyme Nnr,Salinibacter ruber (strain DSM 13855 / M31) OX=309807,17.0,MNXR113625,MNXR113626_0.5206196934885686_0.7425507295612764,4.2.1.-;4.2.1.136,3.0,0.0,0.52062,0.742551,-1,0.631585,40.1,31.4,12.7,18.8,55627.13,4.7239,35.793,Cc1ncc(COP(=O)([O-])OP(=O)([O-])[O-])c(N)n1.[H]O[H]>>Cc1ncc(COP(=O)([O-])[O-])c(N)n1.O=P([O-])([O-])O.[H+],Nc1ncnc2c1ncn2[C@@H]1O[C@H](COP(=O)([O-])OP(=O)([O-])[O-])[C@@H](O)[C@H]1O.NC(=O)C1=CN([C@@H]2O[C@H](COP(=O)([O-])OP(=O)([O-])OC[C@H]3O[C@@H](n4cnc5c(N)ncnc54)[C@H](O)[C@@H]3O)[C@@H](O)[C@H]2O)[C@@H](O)CC1>>O=P([O-])([O-])O.[H+].NC(=O)C1=CN([C@@H]2O[C@H](COP(=O)([O-])OP(=O)([O-])OC[C@H]3O[C@@H](n4cnc5c(N)ncnc54)[C@H](O)[C@@H]3O)[C@@H](O)[C@H]2O)C=CC1.Nc1ncnc2c1ncn2[C@@H]1O[C@H](COP(=O)([O-])[O-])[C@@H](O)[C@H]1O
59,45.858536,P9WF10,Bifunctional NAD(P)H-hydrate repair enzyme Nnr,Mycobacterium tuberculosis (strain CDC 1551 / Oshkosh) OX=83331,17.0,MNXR113625,MNXR113626_0.5206196934885686_0.7425507295612764,4.2.1.-;4.2.1.136,3.0,0.0,0.52062,0.742551,-1,0.631585,41.1,30.6,10.9,20.8,46857.26,5.9471,31.078,Cc1ncc(COP(=O)([O-])OP(=O)([O-])[O-])c(N)n1.[H]O[H]>>Cc1ncc(COP(=O)([O-])[O-])c(N)n1.O=P([O-])([O-])O.[H+],Nc1ncnc2c1ncn2[C@@H]1O[C@H](COP(=O)([O-])OP(=O)([O-])[O-])[C@@H](O)[C@H]1O.NC(=O)C1=CN([C@@H]2O[C@H](COP(=O)([O-])OP(=O)([O-])OC[C@H]3O[C@@H](n4cnc5c(N)ncnc54)[C@H](O)[C@@H]3O)[C@@H](O)[C@H]2O)[C@@H](O)CC1>>O=P([O-])([O-])O.[H+].NC(=O)C1=CN([C@@H]2O[C@H](COP(=O)([O-])OP(=O)([O-])OC[C@H]3O[C@@H](n4cnc5c(N)ncnc54)[C@H](O)[C@@H]3O)[C@@H](O)[C@H]2O)C=CC1.Nc1ncnc2c1ncn2[C@@H]1O[C@H](COP(=O)([O-])[O-])[C@@H](O)[C@H]1O
60,45.858536,Q8DGC3,Bifunctional NAD(P)H-hydrate repair enzyme Nnr,Thermosynechococcus vestitus (strain NIES-2133 / IAM M-273 / BP-1) OX=197221,17.0,MNXR113625,MNXR113626_0.5206196934885686_0.7425507295612764,4.2.1.-;4.2.1.136,3.0,0.0,0.52062,0.742551,-1,0.631585,33.5,27.4,19.6,22.7,53934.38,6.9501,35.446,Cc1ncc(COP(=O)([O-])OP(=O)([O-])[O-])c(N)n1.[H]O[H]>>Cc1ncc(COP(=O)([O-])[O-])c(N)n1.O=P([O-])([O-])O.[H+],Nc1ncnc2c1ncn2[C@@H]1O[C@H](COP(=O)([O-])OP(=O)([O-])[O-])[C@@H](O)[C@H]1O.NC(=O)C1=CN([C@@H]2O[C@H](COP(=O)([O-])OP(=O)([O-])OC[C@H]3O[C@@H](n4cnc5c(N)ncnc54)[C@H](O)[C@@H]3O)[C@@H](O)[C@H]2O)[C@@H](O)CC1>>O=P([O-])([O-])O.[H+].NC(=O)C1=CN([C@@H]2O[C@H](COP(=O)([O-])OP(=O)([O-])OC[C@H]3O[C@@H](n4cnc5c(N)ncnc54)[C@H](O)[C@@H]3O)[C@@H](O)[C@H]2O)C=CC1.Nc1ncnc2c1ncn2[C@@H]1O[C@H](COP(=O)([O-])[O-])[C@@H](O)[C@H]1O
61,45.858536,Q7NIE6,Bifunctional NAD(P)H-hydrate repair enzyme Nnr,Gloeobacter violaceus (strain ATCC 29082 / PCC 7421) OX=251221,17.0,MNXR113625,MNXR113626_0.5206196934885686_0.7425507295612764,4.2.1.-;4.2.1.136,3.0,0.0,0.52062,0.742551,-1,0.631585,46.7,24.6,10.8,21.1,52119.13,6.1873,29.331,Cc1ncc(COP(=O)([O-])OP(=O)([O-])[O-])c(N)n1.[H]O[H]>>Cc1ncc(COP(=O)([O-])[O-])c(N)n1.O=P([O-])([O-])O.[H+],Nc1ncnc2c1ncn2[C@@H]1O[C@H](COP(=O)([O-])OP(=O)([O-])[O-])[C@@H](O)[C@H]1O.NC(=O)C1=CN([C@@H]2O[C@H](COP(=O)([O-])OP(=O)([O-])OC[C@H]3O[C@@H](n4cnc5c(N)ncnc54)[C@H](O)[C@@H]3O)[C@@H](O)[C@H]2O)[C@@H](O)CC1>>O=P([O-])([O-])O.[H+].NC(=O)C1=CN([C@@H]2O[C@H](COP(=O)([O-])OP(=O)([O-])OC[C@H]3O[C@@H](n4cnc5c(N)ncnc54)[C@H](O)[C@@H]3O)[C@@H](O)[C@H]2O)C=CC1.Nc1ncnc2c1ncn2[C@@H]1O[C@H](COP(=O)([O-])[O-])[C@@H](O)[C@H]1O
62,45.858536,A6GXW4,ADP-dependent (S)-NAD(P)H-hydrate dehydratase,Flavobacterium psychrophilum (strain ATCC 49511 / DSM 21280 / CIP 103535 / JIP02/86) OX=402612,17.0,MNXR113625,MNXR113626_0.5206196934885686_0.7425507295612764,4.2.1.-;4.2.1.136,3.0,0.0,0.52062,0.742551,-1,0.631585,36.8,33.1,15.0,21.1,30917.97,6.7124,41.135,Cc1ncc(COP(=O)([O-])OP(=O)([O-])[O-])c(N)n1.[H]O[H]>>Cc1ncc(COP(=O)([O-])[O-])c(N)n1.O=P([O-])([O-])O.[H+],Nc1ncnc2c1ncn2[C@@H]1O[C@H](COP(=O)([O-])OP(=O)([O-])[O-])[C@@H](O)[C@H]1O.NC(=O)C1=CN([C@@H]2O[C@H](COP(=O)([O-])OP(=O)([O-])OC[C@H]3O[C@@H](n4cnc5c(N)ncnc54)[C@H](O)[C@@H]3O)[C@@H](O)[C@H]2O)[C@@H](O)CC1>>O=P([O-])([O-])O.[H+].NC(=O)C1=CN([C@@H]2O[C@H](COP(=O)([O-])OP(=O)([O-])OC[C@H]3O[C@@H](n4cnc5c(N)ncnc54)[C@H](O)[C@@H]3O)[C@@H](O)[C@H]2O)C=CC1.Nc1ncnc2c1ncn2[C@@H]1O[C@H](COP(=O)([O-])[O-])[C@@H](O)[C@H]1O
63,45.858536,Q9CIU7,ADP-dependent (S)-NAD(P)H-hydrate dehydratase,Lactococcus lactis subsp. lactis (strain IL1403) OX=272623,17.0,MNXR113625,MNXR113626_0.5206196934885686_0.7425507295612764,4.2.1.-;4.2.1.136,3.0,0.0,0.52062,0.742551,-1,0.631585,56.8,23.2,7.3,18.9,29852.68,6.0540,41.455,Cc1ncc(COP(=O)([O-])OP(=O)([O-])[O-])c(N)n1.[H]O[H]>>Cc1ncc(COP(=O)([O-])[O-])c(N)n1.O=P([O-])([O-])O.[H+],Nc1ncnc2c1ncn2[C@@H]1O[C@H](COP(=O)([O-])OP(=O)([O-])[O-])[C@@H](O)[C@H]1O.NC(=O)C1=CN([C@@H]2O[C@H](COP(=O)([O-])OP(=O)([O-])OC[C@H]3O[C@@H](n4cnc5c(N)ncnc54)[C@H](O)[C@@H]3O)[C@@H](O)[C@H]2O)[C@@H](O)CC1>>O=P([O-])([O-])O.[H+].NC(=O)C1=CN([C@@H]2O[C@H](COP(=O)([O-])OP(=O)([O-])OC[C@H]3O[C@@H](n4cnc5c(N)ncnc54)[C@H](O)[C@@H]3O)[C@@H](O)[C@H]2O)C=CC1.Nc1ncnc2c1ncn2[C@@H]1O[C@H](COP(=O)([O-])[O-])[C@@H](O)[C@H]1O
64,45.633834,Q83AL0,Glutathione synthetase,Coxiella burnetii (strain RSA 493 / Nine Mile phase I) OX=227377,11.0,MNXR114298,-,6.3.2.3,3.0,0.0,0.51033,0.628347,1,0.569336,42.3,26.2,17.4,19.3,36319.13,6.0694,42.991,Cc1ncc(COP(=O)([O-])OP(=O)([O-])[O-])c(N)n1.[H]O[H]>>Cc1ncc(COP(=O)([O-])[O-])c(N)n1.O=P([O-])([O-])O.[H+],O=P([O-])([O-])O.Nc1ncnc2c1ncn2[C@@H]1O[C@H](COP(=O)([O-])OP(=O)([O-])[O-])[C@@H](O)[C@H]1O.[H+].CC[C@H](NC(=O)CC[C@H](N)C(=O)O)C(=O)NCC(=O)O>>Nc1ncnc2c1ncn2[C@@H]1O[C@H](COP(=O)([O-])OP(=O)([O-])OP(=O)([O-])[O-])[C@@H](O)[C@H]1O.[NH3+]CC(=O)[O-].CC[C@H](NC(=O)CC[C@H](N)C(=O)O)C(=O)O
65,45.633834,Q65RX0,Glutathione biosynthesis bifunctional protein GshAB,Mannheimia succiniciproducens (strain MBEL55E) OX=221988,11.0,MNXR114298,-,6.3.2.3,3.0,0.0,0.51033,0.628347,1,0.569336,52.9,18.6,12.8,17.8,85101.15,5.1709,45.178,Cc1ncc(COP(=O)([O-])OP(=O)([O-])[O-])c(N)n1.[H]O[H]>>Cc1ncc(COP(=O)([O-])[O-])c(N)n1.O=P([O-])([O-])O.[H+],O=P([O-])([O-])O.Nc1ncnc2c1ncn2[C@@H]1O[C@H](COP(=O)([O-])OP(=O)([O-])[O-])[C@@H](O)[C@H]1O.[H+].CC[C@H](NC(=O)CC[C@H](N)C(=O)O)C(=O)NCC(=O)O>>Nc1ncnc2c1ncn2[C@@H]1O[C@H](COP(=O)([O-])OP(=O)([O-])OP(=O)([O-])[O-])[C@@H](O)[C@H]1O.[NH3+]CC(=O)[O-].CC[C@H](NC(=O)CC[C@H](N)C(=O)O)C(=O)O
66,45.633834,Q7MHK1,Glutathione synthetase,Vibrio vulnificus (strain YJ016) OX=196600,11.0,MNXR114298,-,6.3.2.3,3.0,0.0,0.51033,0.628347,1,0.569336,44.4,21.9,15.9,23.2,35428.69,4.6577,45.912,Cc1ncc(COP(=O)([O-])OP(=O)([O-])[O-])c(N)n1.[H]O[H]>>Cc1ncc(COP(=O)([O-])[O-])c(N)n1.O=P([O-])([O-])O.[H+],O=P([O-])([O-])O.Nc1ncnc2c1ncn2[C@@H]1O[C@H](COP(=O)([O-])OP(=O)([O-])[O-])[C@@H](O)[C@H]1O.[H+].CC[C@H](NC(=O)CC[C@H](N)C(=O)O)C(=O)NCC(=O)O>>Nc1ncnc2c1ncn2[C@@H]1O[C@H](COP(=O)([O-])OP(=O)([O-])OP(=O)([O-])[O-])[C@@H](O)[C@H]1O.[NH3+]CC(=O)[O-].CC[C@H](NC(=O)CC[C@H](N)C(=O)O)C(=O)O
67,45.633834,Q5WYT4,Putative glutamate--cysteine ligase 2-1,Legionella pneumophila (strain Lens) OX=297245,11.0,MNXR180492,-,6.3.2.2;6.3.2.3,3.0,0.0,0.51033,0.628347,-1,0.569336,37.5,18.8,23.5,24.6,42855.94,5.8996,46.917,Cc1ncc(COP(=O)([O-])OP(=O)([O-])[O-])c(N)n1.[H]O[H]>>Cc1ncc(COP(=O)([O-])[O-])c(N)n1.O=P([O-])([O-])O.[H+],[NH3+][C@@H](CCC(=O)[O-])C(=O)[O-].Nc1ncnc2c1ncn2[C@@H]1O[C@H](COP(=O)([O-])OP(=O)([O-])OP(=O)([O-])[O-])[C@@H](O)[C@H]1O.[NH3+]CC(=O)[O-].NC(CS)C(=O)O>>[NH3+][C@@H](CCC(=O)N[C@@H](CS)C(=O)NCC(=O)[O-])C(=O)[O-].O=P([O-])([O-])O.Nc1ncnc2c1ncn2[C@@H]1O[C@H](COP(=O)([O-])OP(=O)([O-])[O-])[C@@H](O)[C@H]1O.[H+]
68,45.633834,Q9PC29,Glutathione synthetase,Xylella fastidiosa (strain 9a5c) OX=160492,11.0,MNXR114298,MNXR180492_0.5103251637201857_0.628346676194679,6.3.2.3,3.0,0.0,0.51033,0.628347,1,0.569336,27.2,34.9,19.8,23.5,34713.82,6.1679,43.631,Cc1ncc(COP(=O)([O-])OP(=O)([O-])[O-])c(N)n1.[H]O[H]>>Cc1ncc(COP(=O)([O-])[O-])c(N)n1.O=P([O-])([O-])O.[H+],O=P([O-])([O-])O.Nc1ncnc2c1ncn2[C@@H]1O[C@H](COP(=O)([O-])OP(=O)([O-])[O-])[C@@H](O)[C@H]1O.[H+].CC[C@H](NC(=O)CC[C@H](N)C(=O)O)C(=O)NCC(=O)O>>Nc1ncnc2c1ncn2[C@@H]1O[C@H](COP(=O)([O-])OP(=O)([O-])OP(=O)([O-])[O-])[C@@H](O)[C@H]1O.[NH3+]CC(=O)[O-].CC[C@H](NC(=O)CC[C@H](N)C(=O)O)C(=O)O
69,45.633834,Q8EIK8,Glutathione synthetase,Shewanella oneidensis (strain MR-1) OX=211586,11.0,MNXR114298,-,6.3.2.3,3.0,0.0,0.51033,0.628347,1,0.569336,49.5,23.4,15.1,17.4,34962.38,4.7977,42.222,Cc1ncc(COP(=O)([O-])OP(=O)([O-])[O-])c(N)n1.[H]O[H]>>Cc1ncc(COP(=O)([O-])[O-])c(N)n1.O=P([O-])([O-])O.[H+],O=P([O-])([O-])O.Nc1ncnc2c1ncn2[C@@H]1O[C@H](COP(=O)([O-])OP(=O)([O-])[O-])[C@@H](O)[C@H]1O.[H+].CC[C@H](NC(=O)CC[C@H](N)C(=O)O)C(=O)NCC(=O)O>>Nc1ncnc2c1ncn2[C@@H]1O[C@H](COP(=O)([O-])OP(=O)([O-])OP(=O)([O-])[O-])[C@@H](O)[C@H]1O.[NH3+]CC(=O)[O-].CC[C@H](NC(=O)CC[C@H](N)C(=O)O)C(=O)O
70,45.633834,Q8DCA9,Glutathione synthetase,Vibrio vulnificus (strain CMCP6) OX=216895,11.0,MNXR114298,-,6.3.2.3,3.0,0.0,0.51033,0.628347,1,0.569336,43.9,22.3,15.9,23.3,35295.53,4.6577,45.741,Cc1ncc(COP(=O)([O-])OP(=O)([O-])[O-])c(N)n1.[H]O[H]>>Cc1ncc(COP(=O)([O-])[O-])c(N)n1.O=P([O-])([O-])O.[H+],O=P([O-])([O-])O.Nc1ncnc2c1ncn2[C@@H]1O[C@H](COP(=O)([O-])OP(=O)([O-])[O-])[C@@H](O)[C@H]1O.[H+].CC[C@H](NC(=O)CC[C@H](N)C(=O)O)C(=O)NCC(=O)O>>Nc1ncnc2c1ncn2[C@@H]1O[C@H](COP(=O)([O-])OP(=O)([O-])OP(=O)([O-])[O-])[C@@H](O)[C@H]1O.[NH3+]CC(=O)[O-].CC[C@H](NC(=O)CC[C@H](N)C(=O)O)C(=O)O
71,45.633834,Q87D42,Glutathione synthetase,Xylella fastidiosa (strain Temecula1 / ATCC 700964) OX=183190,11.0,MNXR114298,-,6.3.2.3,3.0,0.0,0.51033,0.628347,1,0.569336,25.5,34.2,20.5,25.2,34734.84,6.2540,43.949,Cc1ncc(COP(=O)([O-])OP(=O)([O-])[O-])c(N)n1.[H]O[H]>>Cc1ncc(COP(=O)([O-])[O-])c(N)n1.O=P([O-])([O-])O.[H+],O=P([O-])([O-])O.Nc1ncnc2c1ncn2[C@@H]1O[C@H](COP(=O)([O-])OP(=O)([O-])[O-])[C@@H](O)[C@H]1O.[H+].CC[C@H](NC(=O)CC[C@H](N)C(=O)O)C(=O)NCC(=O)O>>Nc1ncnc2c1ncn2[C@@H]1O[C@H](COP(=O)([O-])OP(=O)([O-])OP(=O)([O-])[O-])[C@@H](O)[C@H]1O.[NH3+]CC(=O)[O-].CC[C@H](NC(=O)CC[C@H](N)C(=O)O)C(=O)O
72,45.058536,P94368,ADP-dependent (S)-NAD(P)H-hydrate dehydratase,Bacillus subtilis (strain 168) OX=224308,18.0,MNXR113625,MNXR113626_0.5206196934885686_0.7425507295612764,4.2.1.-;4.2.1.136,1.0,0.0,0.52062,0.742551,-1,0.631585,46.9,25.8,15.8,17.7,29870.23,5.7721,39.493,Cc1ncc(COP(=O)([O-])OP(=O)([O-])[O-])c(N)n1.[H]O[H]>>Cc1ncc(COP(=O)([O-])[O-])c(N)n1.O=P([O-])([O-])O.[H+],Nc1ncnc2c1ncn2[C@@H]1O[C@H](COP(=O)([O-])OP(=O)([O-])[O-])[C@@H](O)[C@H]1O.NC(=O)C1=CN([C@@H]2O[C@H](COP(=O)([O-])OP(=O)([O-])OC[C@H]3O[C@@H](n4cnc5c(N)ncnc54)[C@H](O)[C@@H]3O)[C@@H](O)[C@H]2O)[C@@H](O)CC1>>O=P([O-])([O-])O.[H+].NC(=O)C1=CN([C@@H]2O[C@H](COP(=O)([O-])OP(=O)([O-])OC[C@H]3O[C@@H](n4cnc5c(N)ncnc54)[C@H](O)[C@@H]3O)[C@@H](O)[C@H]2O)C=CC1.Nc1ncnc2c1ncn2[C@@H]1O[C@H](COP(=O)([O-])[O-])[C@@H](O)[C@H]1O
73,44.858536,D2RXF6,ADP-dependent (S)-NAD(P)H-hydrate dehydratase,Haloterrigena turkmenica (strain ATCC 51198 / DSM 5511 / JCM 9101 / NCIMB 13204 / VKM B-1734 / 4k) OX=543526,18.0,MNXR113625,MNXR113626_0.5206196934885686_0.7425507295612764,4.2.1.-;4.2.1.136,3.0,0.0,0.52062,0.742551,-1,0.631585,39.0,33.6,7.5,26.6,26964.04,3.8156,41.634,Cc1ncc(COP(=O)([O-])OP(=O)([O-])[O-])c(N)n1.[H]O[H]>>Cc1ncc(COP(=O)([O-])[O-])c(N)n1.O=P([O-])([O-])O.[H+],Nc1ncnc2c1ncn2[C@@H]1O[C@H](COP(=O)([O-])OP(=O)([O-])[O-])[C@@H](O)[C@H]1O.NC(=O)C1=CN([C@@H]2O[C@H](COP(=O)([O-])OP(=O)([O-])OC[C@H]3O[C@@H](n4cnc5c(N)ncnc54)[C@H](O)[C@@H]3O)[C@@H](O)[C@H]2O)[C@@H](O)CC1>>O=P([O-])([O-])O.[H+].NC(=O)C1=CN([C@@H]2O[C@H](COP(=O)([O-])OP(=O)([O-])OC[C@H]3O[C@@H](n4cnc5c(N)ncnc54)[C@H](O)[C@@H]3O)[C@@H](O)[C@H]2O)C=CC1.Nc1ncnc2c1ncn2[C@@H]1O[C@H](COP(=O)([O-])[O-])[C@@H](O)[C@H]1O
74,44.858536,O27324,Bifunctional NAD(P)H-hydrate repair enzyme Nnr,Methanothermobacter thermautotrophicus (strain ATCC 29096 / DSM 1053 / JCM 10044 / NBRC 100330 / Delta H) OX=187420,18.0,MNXR113625,MNXR113626_0.5206196934885686_0.7425507295612764,4.2.1.-;4.2.1.136,3.0,0.0,0.52062,0.742551,-1,0.631585,45.1,22.1,12.3,23.7,55020.92,4.6918,38.728,Cc1ncc(COP(=O)([O-])OP(=O)([O-])[O-])c(N)n1.[H]O[H]>>Cc1ncc(COP(=O)([O-])[O-])c(N)n1.O=P([O-])([O-])O.[H+],Nc1ncnc2c1ncn2[C@@H]1O[C@H](COP(=O)([O-])OP(=O)([O-])[O-])[C@@H](O)[C@H]1O.NC(=O)C1=CN([C@@H]2O[C@H](COP(=O)([O-])OP(=O)([O-])OC[C@H]3O[C@@H](n4cnc5c(N)ncnc54)[C@H](O)[C@@H]3O)[C@@H](O)[C@H]2O)[C@@H](O)CC1>>O=P([O-])([O-])O.[H+].NC(=O)C1=CN([C@@H]2O[C@H](COP(=O)([O-])OP(=O)([O-])OC[C@H]3O[C@@H](n4cnc5c(N)ncnc54)[C@H](O)[C@@H]3O)[C@@H](O)[C@H]2O)C=CC1.Nc1ncnc2c1ncn2[C@@H]1O[C@H](COP(=O)([O-])[O-])[C@@H](O)[C@H]1O
75,44.858536,P74217,Bifunctional NAD(P)H-hydrate repair enzyme Nnr,Synechocystis sp. (strain PCC 6803 / Kazusa) OX=1111708,18.0,MNXR113625,MNXR113626_0.5206196934885686_0.7425507295612764,4.2.1.-;4.2.1.136,3.0,0.0,0.52062,0.742551,-1,0.631585,27.4,38.4,13.6,23.8,55225.02,6.2827,35.496,Cc1ncc(COP(=O)([O-])OP(=O)([O-])[O-])c(N)n1.[H]O[H]>>Cc1ncc(COP(=O)([O-])[O-])c(N)n1.O=P([O-])([O-])O.[H+],Nc1ncnc2c1ncn2[C@@H]1O[C@H](COP(=O)([O-])OP(=O)([O-])[O-])[C@@H](O)[C@H]1O.NC(=O)C1=CN([C@@H]2O[C@H](COP(=O)([O-])OP(=O)([O-])OC[C@H]3O[C@@H](n4cnc5c(N)ncnc54)[C@H](O)[C@@H]3O)[C@@H](O)[C@H]2O)[C@@H](O)CC1>>O=P([O-])([O-])O.[H+].NC(=O)C1=CN([C@@H]2O[C@H](COP(=O)([O-])OP(=O)([O-])OC[C@H]3O[C@@H](n4cnc5c(N)ncnc54)[C@H](O)[C@@H]3O)[C@@H](O)[C@H]2O)C=CC1.Nc1ncnc2c1ncn2[C@@H]1O[C@H](COP(=O)([O-])[O-])[C@@H](O)[C@H]1O
76,44.858536,A1S0R2,Bifunctional NAD(P)H-hydrate repair enzyme Nnr,Thermofilum pendens (strain DSM 2475 / Hrk 5) OX=368408,18.0,MNXR113625,MNXR113626_0.5206196934885686_0.7425507295612764,4.2.1.-;4.2.1.136,3.0,0.0,0.52062,0.742551,-1,0.631585,44.9,29.3,11.2,17.7,55260.59,5.3013,37.595,Cc1ncc(COP(=O)([O-])OP(=O)([O-])[O-])c(N)n1.[H]O[H]>>Cc1ncc(COP(=O)([O-])[O-])c(N)n1.O=P([O-])([O-])O.[H+],Nc1ncnc2c1ncn2[C@@H]1O[C@H](COP(=O)([O-])OP(=O)([O-])[O-])[C@@H](O)[C@H]1O.NC(=O)C1=CN([C@@H]2O[C@H](COP(=O)([O-])OP(=O)([O-])OC[C@H]3O[C@@H](n4cnc5c(N)ncnc54)[C@H](O)[C@@H]3O)[C@@H](O)[C@H]2O)[C@@H](O)CC1>>O=P([O-])([O-])O.[H+].NC(=O)C1=CN([C@@H]2O[C@H](COP(=O)([O-])OP(=O)([O-])OC[C@H]3O[C@@H](n4cnc5c(N)ncnc54)[C@H](O)[C@@H]3O)[C@@H](O)[C@H]2O)C=CC1.Nc1ncnc2c1ncn2[C@@H]1O[C@H](COP(=O)([O-])[O-])[C@@H](O)[C@H]1O
77,44.858536,A9A498,ADP-dependent (S)-NAD(P)H-hydrate dehydratase,Nitrosopumilus maritimus (strain SCM1) OX=436308,18.0,MNXR113625,MNXR113626_0.5206196934885686_0.7425507295612764,4.2.1.-;4.2.1.136,3.0,0.0,0.52062,0.742551,-1,0.631585,46.5,37.3,10.3,11.8,30627.23,10.7783,42.857,Cc1ncc(COP(=O)([O-])OP(=O)([O-])[O-])c(N)n1.[H]O[H]>>Cc1ncc(COP(=O)([O-])[O-])c(N)n1.O=P([O-])([O-])O.[H+],Nc1ncnc2c1ncn2[C@@H]1O[C@H](COP(=O)([O-])OP(=O)([O-])[O-])[C@@H](O)[C@H]1O.NC(=O)C1=CN([C@@H]2O[C@H](COP(=O)([O-])OP(=O)([O-])OC[C@H]3O[C@@H](n4cnc5c(N)ncnc54)[C@H](O)[C@@H]3O)[C@@H](O)[C@H]2O)[C@@H](O)CC1>>O=P([O-])([O-])O.[H+].NC(=O)C1=CN([C@@H]2O[C@H](COP(=O)([O-])OP(=O)([O-])OC[C@H]3O[C@@H](n4cnc5c(N)ncnc54)[C@H](O)[C@@H]3O)[C@@H](O)[C@H]2O)C=CC1.Nc1ncnc2c1ncn2[C@@H]1O[C@H](COP(=O)([O-])[O-])[C@@H](O)[C@H]1O
78,44.858536,A2BLC0,Bifunctional NAD(P)H-hydrate repair enzyme Nnr,Hyperthermus butylicus (strain DSM 5456 / JCM 9403 / PLM1-5) OX=415426,18.0,MNXR113625,MNXR113626_0.5206196934885686_0.7425507295612764,4.2.1.-;4.2.1.136,3.0,0.0,0.52062,0.742551,-1,0.631585,42.2,28.6,9.8,22.5,56671.42,8.6563,38.175,Cc1ncc(COP(=O)([O-])OP(=O)([O-])[O-])c(N)n1.[H]O[H]>>Cc1ncc(COP(=O)([O-])[O-])c(N)n1.O=P([O-])([O-])O.[H+],Nc1ncnc2c1ncn2[C@@H]1O[C@H](COP(=O)([O-])OP(=O)([O-])[O-])[C@@H](O)[C@H]1O.NC(=O)C1=CN([C@@H]2O[C@H](COP(=O)([O-])OP(=O)([O-])OC[C@H]3O[C@@H](n4cnc5c(N)ncnc54)[C@H](O)[C@@H]3O)[C@@H](O)[C@H]2O)[C@@H](O)CC1>>O=P([O-])([O-])O.[H+].NC(=O)C1=CN([C@@H]2O[C@H](COP(=O)([O-])OP(=O)([O-])OC[C@H]3O[C@@H](n4cnc5c(N)ncnc54)[C@H](O)[C@@H]3O)[C@@H](O)[C@H]2O)C=CC1.Nc1ncnc2c1ncn2[C@@H]1O[C@H](COP(=O)([O-])[O-])[C@@H](O)[C@H]1O
79,44.858536,Q2FT57,Bifunctional NAD(P)H-hydrate repair enzyme Nnr,Methanospirillum hungatei JF-1 (strain ATCC 27890 / DSM 864 / NBRC 100397 / JF-1) OX=323259,18.0,MNXR113625,MNXR113626_0.5206196934885686_0.7425507295612764,4.2.1.-;4.2.1.136,3.0,0.0,0.52062,0.742551,-1,0.631585,26.8,37.6,20.1,19.0,50413.72,5.8145,38.413,Cc1ncc(COP(=O)([O-])OP(=O)([O-])[O-])c(N)n1.[H]O[H]>>Cc1ncc(COP(=O)([O-])[O-])c(N)n1.O=P([O-])([O-])O.[H+],Nc1ncnc2c1ncn2[C@@H]1O[C@H](COP(=O)([O-])OP(=O)([O-])[O-])[C@@H](O)[C@H]1O.NC(=O)C1=CN([C@@H]2O[C@H](COP(=O)([O-])OP(=O)([O-])OC[C@H]3O[C@@H](n4cnc5c(N)ncnc54)[C@H](O)[C@@H]3O)[C@@H](O)[C@H]2O)[C@@H](O)CC1>>O=P([O-])([O-])O.[H+].NC(=O)C1=CN([C@@H]2O[C@H](COP(=O)([O-])OP(=O)([O-])OC[C@H]3O[C@@H](n4cnc5c(N)ncnc54)[C@H](O)[C@@H]3O)[C@@H](O)[C@H]2O)C=CC1.Nc1ncnc2c1ncn2[C@@H]1O[C@H](COP(=O)([O-])[O-])[C@@H](O)[C@H]1O
80,44.858536,Q58981,Bifunctional NAD(P)H-hydrate repair enzyme Nnr,Methanocaldococcus jannaschii (strain ATCC 43067 / DSM 2661 / JAL-1 / JCM 10045 / NBRC 100440) OX=243232,18.0,MNXR113625,MNXR113626_0.5206196934885686_0.7425507295612764,4.2.1.-;4.2.1.136,3.0,0.0,0.52062,0.742551,-1,0.631585,53.1,24.2,12.8,13.3,54978.64,6.6516,44.196,Cc1ncc(COP(=O)([O-])OP(=O)([O-])[O-])c(N)n1.[H]O[H]>>Cc1ncc(COP(=O)([O-])[O-])c(N)n1.O=P([O-])([O-])O.[H+],Nc1ncnc2c1ncn2[C@@H]1O[C@H](COP(=O)([O-])OP(=O)([O-])[O-])[C@@H](O)[C@H]1O.NC(=O)C1=CN([C@@H]2O[C@H](COP(=O)([O-])OP(=O)([O-])OC[C@H]3O[C@@H](n4cnc5c(N)ncnc54)[C@H](O)[C@@H]3O)[C@@H](O)[C@H]2O)[C@@H](O)CC1>>O=P([O-])([O-])O.[H+].NC(=O)C1=CN([C@@H]2O[C@H](COP(=O)([O-])OP(=O)([O-])OC[C@H]3O[C@@H](n4cnc5c(N)ncnc54)[C@H](O)[C@@H]3O)[C@@H](O)[C@H]2O)C=CC1.Nc1ncnc2c1ncn2[C@@H]1O[C@H](COP(=O)([O-])[O-])[C@@H](O)[C@H]1O
81,44.858536,Q8ZV04,Bifunctional NAD(P)H-hydrate repair enzyme Nnr,Pyrobaculum aerophilum (strain ATCC 51768 / DSM 7523 / JCM 9630 / CIP 104966 / NBRC 100827 / IM2) OX=178306,18.0,MNXR113625,MNXR113626_0.5206196934885686_0.7425507295612764,4.2.1.-;4.2.1.136,3.0,0.0,0.52062,0.742551,-1,0.631585,50.5,26.8,9.3,16.7,53031.32,6.9777,35.729,Cc1ncc(COP(=O)([O-])OP(=O)([O-])[O-])c(N)n1.[H]O[H]>>Cc1ncc(COP(=O)([O-])[O-])c(N)n1.O=P([O-])([O-])O.[H+],Nc1ncnc2c1ncn2[C@@H]1O[C@H](COP(=O)([O-])OP(=O)([O-])[O-])[C@@H](O)[C@H]1O.NC(=O)C1=CN([C@@H]2O[C@H](COP(=O)([O-])OP(=O)([O-])OC[C@H]3O[C@@H](n4cnc5c(N)ncnc54)[C@H](O)[C@@H]3O)[C@@H](O)[C@H]2O)[C@@H](O)CC1>>O=P([O-])([O-])O.[H+].NC(=O)C1=CN([C@@H]2O[C@H](COP(=O)([O-])OP(=O)([O-])OC[C@H]3O[C@@H](n4cnc5c(N)ncnc54)[C@H](O)[C@@H]3O)[C@@H](O)[C@H]2O)C=CC1.Nc1ncnc2c1ncn2[C@@H]1O[C@H](COP(=O)([O-])[O-])[C@@H](O)[C@H]1O
82,44.858536,Q8TX67,Bifunctional NAD(P)H-hydrate repair enzyme Nnr,Methanopyrus kandleri (strain AV19 / DSM 6324 / JCM 9639 / NBRC 100938) OX=190192,18.0,MNXR113625,MNXR113626_0.5206196934885686_0.7425507295612764,4.2.1.-;4.2.1.136,3.0,0.0,0.52062,0.742551,-1,0.631585,43.9,27.3,12.6,19.5,53848.94,4.6398,41.884,Cc1ncc(COP(=O)([O-])OP(=O)([O-])[O-])c(N)n1.[H]O[H]>>Cc1ncc(COP(=O)([O-])[O-])c(N)n1.O=P([O-])([O-])O.[H+],Nc1ncnc2c1ncn2[C@@H]1O[C@H](COP(=O)([O-])OP(=O)([O-])[O-])[C@@H](O)[C@H]1O.NC(=O)C1=CN([C@@H]2O[C@H](COP(=O)([O-])OP(=O)([O-])OC[C@H]3O[C@@H](n4cnc5c(N)ncnc54)[C@H](O)[C@@H]3O)[C@@H](O)[C@H]2O)[C@@H](O)CC1>>O=P([O-])([O-])O.[H+].NC(=O)C1=CN([C@@H]2O[C@H](COP(=O)([O-])OP(=O)([O-])OC[C@H]3O[C@@H](n4cnc5c(N)ncnc54)[C@H](O)[C@@H]3O)[C@@H](O)[C@H]2O)C=CC1.Nc1ncnc2c1ncn2[C@@H]1O[C@H](COP(=O)([O-])[O-])[C@@H](O)[C@H]1O
83,44.858536,D3SQW0,ADP-dependent (S)-NAD(P)H-hydrate dehydratase,Natrialba magadii (strain ATCC 43099 / DSM 3394 / CCM 3739 / CIP 104546 / IAM 13178 / JCM 8861 / NBRC 102185 / NCIMB 2190 / MS3) OX=547559,18.0,MNXR113625,MNXR113626_0.5206196934885686_0.7425507295612764,4.2.1.-;4.2.1.136,3.0,0.0,0.52062,0.742551,-1,0.631585,31.0,36.4,13.6,25.6,26709.65,3.7800,41.473,Cc1ncc(COP(=O)([O-])OP(=O)([O-])[O-])c(N)n1.[H]O[H]>>Cc1ncc(COP(=O)([O-])[O-])c(N)n1.O=P([O-])([O-])O.[H+],Nc1ncnc2c1ncn2[C@@H]1O[C@H](COP(=O)([O-])OP(=O)([O-])[O-])[C@@H](O)[C@H]1O.NC(=O)C1=CN([C@@H]2O[C@H](COP(=O)([O-])OP(=O)([O-])OC[C@H]3O[C@@H](n4cnc5c(N)ncnc54)[C@H](O)[C@@H]3O)[C@@H](O)[C@H]2O)[C@@H](O)CC1>>O=P([O-])([O-])O.[H+].NC(=O)C1=CN([C@@H]2O[C@H](COP(=O)([O-])OP(=O)([O-])OC[C@H]3O[C@@H](n4cnc5c(N)ncnc54)[C@H](O)[C@@H]3O)[C@@H](O)[C@H]2O)C=CC1.Nc1ncnc2c1ncn2[C@@H]1O[C@H](COP(=O)([O-])[O-])[C@@H](O)[C@H]1O
84,44.833834,Q9CM00,Glutathione biosynthesis bifunctional protein GshAB,Pasteurella multocida (strain Pm70) OX=272843,12.0,MNXR114298,-,6.3.2.3,1.0,0.0,0.51033,0.628347,1,0.569336,51.0,19.0,12.6,19.6,85862.29,5.0235,45.707,Cc1ncc(COP(=O)([O-])OP(=O)([O-])[O-])c(N)n1.[H]O[H]>>Cc1ncc(COP(=O)([O-])[O-])c(N)n1.O=P([O-])([O-])O.[H+],O=P([O-])([O-])O.Nc1ncnc2c1ncn2[C@@H]1O[C@H](COP(=O)([O-])OP(=O)([O-])[O-])[C@@H](O)[C@H]1O.[H+].CC[C@H](NC(=O)CC[C@H](N)C(=O)O)C(=O)NCC(=O)O>>Nc1ncnc2c1ncn2[C@@H]1O[C@H](COP(=O)([O-])OP(=O)([O-])OP(=O)([O-])[O-])[C@@H](O)[C@H]1O.[NH3+]CC(=O)[O-].CC[C@H](NC(=O)CC[C@H](N)C(=O)O)C(=O)O
85,44.633834,A6V5Z4,Putative glutamate--cysteine ligase 2,Pseudomonas aeruginosa (strain PA7) OX=381754,12.0,MNXR180492,-,6.3.2.2;6.3.2.3,3.0,0.0,0.51033,0.628347,-1,0.569336,49.4,17.1,20.2,17.7,42344.34,7.6756,39.947,Cc1ncc(COP(=O)([O-])OP(=O)([O-])[O-])c(N)n1.[H]O[H]>>Cc1ncc(COP(=O)([O-])[O-])c(N)n1.O=P([O-])([O-])O.[H+],[NH3+][C@@H](CCC(=O)[O-])C(=O)[O-].Nc1ncnc2c1ncn2[C@@H]1O[C@H](COP(=O)([O-])OP(=O)([O-])OP(=O)([O-])[O-])[C@@H](O)[C@H]1O.[NH3+]CC(=O)[O-].NC(CS)C(=O)O>>[NH3+][C@@H](CCC(=O)N[C@@H](CS)C(=O)NCC(=O)[O-])C(=O)[O-].O=P([O-])([O-])O.Nc1ncnc2c1ncn2[C@@H]1O[C@H](COP(=O)([O-])OP(=O)([O-])[O-])[C@@H](O)[C@H]1O.[H+]
86,44.633834,A4XUP3,Putative glutamate--cysteine ligase 2,Pseudomonas mendocina (strain ymp) OX=399739,12.0,MNXR180492,-,6.3.2.2;6.3.2.3,3.0,0.0,0.51033,0.628347,-1,0.569336,49.4,19.9,13.8,21.3,42893.01,6.9831,43.122,Cc1ncc(COP(=O)([O-])OP(=O)([O-])[O-])c(N)n1.[H]O[H]>>Cc1ncc(COP(=O)([O-])[O-])c(N)n1.O=P([O-])([O-])O.[H+],[NH3+][C@@H](CCC(=O)[O-])C(=O)[O-].Nc1ncnc2c1ncn2[C@@H]1O[C@H](COP(=O)([O-])OP(=O)([O-])OP(=O)([O-])[O-])[C@@H](O)[C@H]1O.[NH3+]CC(=O)[O-].NC(CS)C(=O)O>>[NH3+][C@@H](CCC(=O)N[C@@H](CS)C(=O)NCC(=O)[O-])C(=O)[O-].O=P([O-])([O-])O.Nc1ncnc2c1ncn2[C@@H]1O[C@H](COP(=O)([O-])OP(=O)([O-])[O-])[C@@H](O)[C@H]1O.[H+]
87,44.633834,Q9I697,Glutathione synthetase,Pseudomonas aeruginosa (strain ATCC 15692 / DSM 22644 / CIP 104116 / JCM 14847 / LMG 12228 / 1C / PRS 101 / PAO1) OX=208964,12.0,MNXR114298,-,6.3.2.3,3.0,0.0,0.51033,0.628347,1,0.569336,35.9,28.6,19.6,21.3,35704.91,5.7571,44.479,Cc1ncc(COP(=O)([O-])OP(=O)([O-])[O-])c(N)n1.[H]O[H]>>Cc1ncc(COP(=O)([O-])[O-])c(N)n1.O=P([O-])([O-])O.[H+],O=P([O-])([O-])O.Nc1ncnc2c1ncn2[C@@H]1O[C@H](COP(=O)([O-])OP(=O)([O-])[O-])[C@@H](O)[C@H]1O.[H+].CC[C@H](NC(=O)CC[C@H](N)C(=O)O)C(=O)NCC(=O)O>>Nc1ncnc2c1ncn2[C@@H]1O[C@H](COP(=O)([O-])OP(=O)([O-])OP(=O)([O-])[O-])[C@@H](O)[C@H]1O.[NH3+]CC(=O)[O-].CC[C@H](NC(=O)CC[C@H](N)C(=O)O)C(=O)O
88,44.633834,Q87LK1,Glutathione synthetase,Vibrio parahaemolyticus serotype O3:K6 (strain RIMD 2210633) OX=223926,12.0,MNXR114298,-,6.3.2.3,3.0,0.0,0.51033,0.628347,1,0.569336,48.3,20.3,14.7,22.0,35240.52,4.6945,45.886,Cc1ncc(COP(=O)([O-])OP(=O)([O-])[O-])c(N)n1.[H]O[H]>>Cc1ncc(COP(=O)([O-])[O-])c(N)n1.O=P([O-])([O-])O.[H+],O=P([O-])([O-])O.Nc1ncnc2c1ncn2[C@@H]1O[C@H](COP(=O)([O-])OP(=O)([O-])[O-])[C@@H](O)[C@H]1O.[H+].CC[C@H](NC(=O)CC[C@H](N)C(=O)O)C(=O)NCC(=O)O>>Nc1ncnc2c1ncn2[C@@H]1O[C@H](COP(=O)([O-])OP(=O)([O-])OP(=O)([O-])[O-])[C@@H](O)[C@H]1O.[NH3+]CC(=O)[O-].CC[C@H](NC(=O)CC[C@H](N)C(=O)O)C(=O)O
89,44.633834,A7MZY1,Glutamate--cysteine ligase,Vibrio campbellii (strain ATCC BAA-1116) OX=2902295,12.0,MNXR180492,-,6.3.2.2;6.3.2.3,3.0,0.0,0.51033,0.628347,-1,0.569336,41.7,16.6,20.0,24.9,59106.39,4.5942,48.276,Cc1ncc(COP(=O)([O-])OP(=O)([O-])[O-])c(N)n1.[H]O[H]>>Cc1ncc(COP(=O)([O-])[O-])c(N)n1.O=P([O-])([O-])O.[H+],[NH3+][C@@H](CCC(=O)[O-])C(=O)[O-].Nc1ncnc2c1ncn2[C@@H]1O[C@H](COP(=O)([O-])OP(=O)([O-])OP(=O)([O-])[O-])[C@@H](O)[C@H]1O.[NH3+]CC(=O)[O-].NC(CS)C(=O)O>>[NH3+][C@@H](CCC(=O)N[C@@H](CS)C(=O)NCC(=O)[O-])C(=O)[O-].O=P([O-])([O-])O.Nc1ncnc2c1ncn2[C@@H]1O[C@H](COP(=O)([O-])OP(=O)([O-])[O-])[C@@H](O)[C@H]1O.[H+]
90,44.633834,Q5ZS01,Putative glutamate--cysteine ligase 2,Legionella pneumophila subsp. pneumophila (strain Philadelphia 1 / ATCC 33152 / DSM 7513) OX=272624,12.0,MNXR180492,-,6.3.2.2;6.3.2.3,3.0,0.0,0.51033,0.628347,-1,0.569336,37.9,21.3,28.6,16.6,44668.45,8.6533,48.825,Cc1ncc(COP(=O)([O-])OP(=O)([O-])[O-])c(N)n1.[H]O[H]>>Cc1ncc(COP(=O)([O-])[O-])c(N)n1.O=P([O-])([O-])O.[H+],[NH3+][C@@H](CCC(=O)[O-])C(=O)[O-].Nc1ncnc2c1ncn2[C@@H]1O[C@H](COP(=O)([O-])OP(=O)([O-])OP(=O)([O-])[O-])[C@@H](O)[C@H]1O.[NH3+]CC(=O)[O-].NC(CS)C(=O)O>>[NH3+][C@@H](CCC(=O)N[C@@H](CS)C(=O)NCC(=O)[O-])C(=O)[O-].O=P([O-])([O-])O.Nc1ncnc2c1ncn2[C@@H]1O[C@H](COP(=O)([O-])OP(=O)([O-])[O-])[C@@H](O)[C@H]1O.[H+]
91,44.633834,P35667,Glutathione synthetase,Anaplasma centrale OX=769,12.0,MNXR114298,-,6.3.2.3,3.0,0.0,0.51033,0.628347,1,0.569336,42.5,28.8,18.2,16.1,34511.85,5.2496,41.234,Cc1ncc(COP(=O)([O-])OP(=O)([O-])[O-])c(N)n1.[H]O[H]>>Cc1ncc(COP(=O)([O-])[O-])c(N)n1.O=P([O-])([O-])O.[H+],O=P([O-])([O-])O.Nc1ncnc2c1ncn2[C@@H]1O[C@H](COP(=O)([O-])OP(=O)([O-])[O-])[C@@H](O)[C@H]1O.[H+].CC[C@H](NC(=O)CC[C@H](N)C(=O)O)C(=O)NCC(=O)O>>Nc1ncnc2c1ncn2[C@@H]1O[C@H](COP(=O)([O-])OP(=O)([O-])OP(=O)([O-])[O-])[C@@H](O)[C@H]1O.[NH3+]CC(=O)[O-].CC[C@H](NC(=O)CC[C@H](N)C(=O)O)C(=O)O
92,44.633834,Q8P6P1,Glutathione synthetase,Xanthomonas campestris pv. campestris (strain ATCC 33913 / DSM 3586 / NCPPB 528 / LMG 568 / P 25) OX=190485,12.0,MNXR114298,-,6.3.2.3,3.0,0.0,0.51033,0.628347,1,0.569336,40.3,27.7,15.3,22.0,34173.32,6.1525,38.924,Cc1ncc(COP(=O)([O-])OP(=O)([O-])[O-])c(N)n1.[H]O[H]>>Cc1ncc(COP(=O)([O-])[O-])c(N)n1.O=P([O-])([O-])O.[H+],O=P([O-])([O-])O.Nc1ncnc2c1ncn2[C@@H]1O[C@H](COP(=O)([O-])OP(=O)([O-])[O-])[C@@H](O)[C@H]1O.[H+].CC[C@H](NC(=O)CC[C@H](N)C(=O)O)C(=O)NCC(=O)O>>Nc1ncnc2c1ncn2[C@@H]1O[C@H](COP(=O)([O-])OP(=O)([O-])OP(=O)([O-])[O-])[C@@H](O)[C@H]1O.[NH3+]CC(=O)[O-].CC[C@H](NC(=O)CC[C@H](N)C(=O)O)C(=O)O
93,44.633834,Q88D35,Glutathione synthetase,Pseudomonas putida (strain ATCC 47054 / DSM 6125 / CFBP 8728 / NCIMB 11950 / KT2440) OX=160488,12.0,MNXR114298,-,6.3.2.3,3.0,0.0,0.51033,0.628347,1,0.569336,39.5,29.2,16.6,19.9,35254.62,5.1235,42.587,Cc1ncc(COP(=O)([O-])OP(=O)([O-])[O-])c(N)n1.[H]O[H]>>Cc1ncc(COP(=O)([O-])[O-])c(N)n1.O=P([O-])([O-])O.[H+],O=P([O-])([O-])O.Nc1ncnc2c1ncn2[C@@H]1O[C@H](COP(=O)([O-])OP(=O)([O-])[O-])[C@@H](O)[C@H]1O.[H+].CC[C@H](NC(=O)CC[C@H](N)C(=O)O)C(=O)NCC(=O)O>>Nc1ncnc2c1ncn2[C@@H]1O[C@H](COP(=O)([O-])OP(=O)([O-])OP(=O)([O-])[O-])[C@@H](O)[C@H]1O.[NH3+]CC(=O)[O-].CC[C@H](NC(=O)CC[C@H](N)C(=O)O)C(=O)O
94,43.833834,Q5P5G3,Acetophenone carboxylase beta subunit,Aromatoleum aromaticum (strain EbN1) OX=76114,13.0,MNXR109600,-,6.4.1.8,1.0,0.0,0.51033,0.628347,1,0.569336,44.2,20.4,31.0,18.6,14993.12,5.0437,46.512,Cc1ncc(COP(=O)([O-])OP(=O)([O-])[O-])c(N)n1.[H]O[H]>>Cc1ncc(COP(=O)([O-])[O-])c(N)n1.O=P([O-])([O-])O.[H+],O=P([O-])([O-])O.O=C([O-])CC(=O)c1ccccc1.Nc1ncnc2c1ncn2[C@@H]1O[C@H](COP(=O)([O-])OP(=O)([O-])[O-])[C@@H](O)[C@H]1O.[H+]>>Nc1ncnc2c1ncn2[C@@H]1O[C@H](COP(=O)([O-])OP(=O)([O-])OP(=O)([O-])[O-])[C@@H](O)[C@H]1O.CC(=O)c1ccccc1.O=C([O-])O
95,43.833834,Q5P5G2,Acetophenone carboxylase alpha subunit,Aromatoleum aromaticum (strain EbN1) OX=76114,13.0,MNXR109600,-,6.4.1.8,1.0,0.0,0.51033,0.628347,1,0.569336,36.3,29.9,13.6,22.7,69867.34,5.0454,40.729,Cc1ncc(COP(=O)([O-])OP(=O)([O-])[O-])c(N)n1.[H]O[H]>>Cc1ncc(COP(=O)([O-])[O-])c(N)n1.O=P([O-])([O-])O.[H+],O=P([O-])([O-])O.O=C([O-])CC(=O)c1ccccc1.Nc1ncnc2c1ncn2[C@@H]1O[C@H](COP(=O)([O-])OP(=O)([O-])[O-])[C@@H](O)[C@H]1O.[H+]>>Nc1ncnc2c1ncn2[C@@H]1O[C@H](COP(=O)([O-])OP(=O)([O-])OP(=O)([O-])[O-])[C@@H](O)[C@H]1O.CC(=O)c1ccccc1.O=C([O-])O
96,43.833834,Q5P5G6,Acetophenone carboxylase epsilon subunit,Aromatoleum aromaticum (strain EbN1) OX=76114,13.0,MNXR109600,-,6.4.1.8,1.0,0.0,0.51033,0.628347,1,0.569336,59.6,16.0,10.1,19.9,32124.02,5.0600,33.993,Cc1ncc(COP(=O)([O-])OP(=O)([O-])[O-])c(N)n1.[H]O[H]>>Cc1ncc(COP(=O)([O-])[O-])c(N)n1.O=P([O-])([O-])O.[H+],O=P([O-])([O-])O.O=C([O-])CC(=O)c1ccccc1.Nc1ncnc2c1ncn2[C@@H]1O[C@H](COP(=O)([O-])OP(=O)([O-])[O-])[C@@H](O)[C@H]1O.[H+]>>Nc1ncnc2c1ncn2[C@@H]1O[C@H](COP(=O)([O-])OP(=O)([O-])OP(=O)([O-])[O-])[C@@H](O)[C@H]1O.CC(=O)c1ccccc1.O=C([O-])O
97,43.833834,Q5P5G5,Acetophenone carboxylase delta subunit,Aromatoleum aromaticum (strain EbN1) OX=76114,13.0,MNXR109600,-,6.4.1.8,1.0,0.0,0.51033,0.628347,1,0.569336,38.2,20.7,22.0,21.6,75404.77,5.1039,42.251,Cc1ncc(COP(=O)([O-])OP(=O)([O-])[O-])c(N)n1.[H]O[H]>>Cc1ncc(COP(=O)([O-])[O-])c(N)n1.O=P([O-])([O-])O.[H+],O=P([O-])([O-])O.O=C([O-])CC(=O)c1ccccc1.Nc1ncnc2c1ncn2[C@@H]1O[C@H](COP(=O)([O-])OP(=O)([O-])[O-])[C@@H](O)[C@H]1O.[H+]>>Nc1ncnc2c1ncn2[C@@H]1O[C@H](COP(=O)([O-])OP(=O)([O-])OP(=O)([O-])[O-])[C@@H](O)[C@H]1O.CC(=O)c1ccccc1.O=C([O-])O
98,43.833834,Q5P5G4,Acetophenone carboxylase gamma subunit,Aromatoleum aromaticum (strain EbN1) OX=76114,13.0,MNXR109600,-,6.4.1.8,1.0,0.0,0.51033,0.628347,1,0.569336,37.7,26.5,15.9,22.1,80339.03,6.0077,42.077,Cc1ncc(COP(=O)([O-])OP(=O)([O-])[O-])c(N)n1.[H]O[H]>>Cc1ncc(COP(=O)([O-])[O-])c(N)n1.O=P([O-])([O-])O.[H+],O=P([O-])([O-])O.O=C([O-])CC(=O)c1ccccc1.Nc1ncnc2c1ncn2[C@@H]1O[C@H](COP(=O)([O-])OP(=O)([O-])[O-])[C@@H](O)[C@H]1O.[H+]>>Nc1ncnc2c1ncn2[C@@H]1O[C@H](COP(=O)([O-])OP(=O)([O-])OP(=O)([O-])[O-])[C@@H](O)[C@H]1O.CC(=O)c1ccccc1.O=C([O-])O
99,43.633834,P61396,Glutathione synthetase,Rhodopseudomonas palustris (strain ATCC BAA-98 / CGA009) OX=258594,13.0,MNXR114298,-,6.3.2.3,3.0,0.0,0.51033,0.628347,1,0.569336,40.4,29.0,11.8,24.2,34552.75,6.5224,41.853,Cc1ncc(COP(=O)([O-])OP(=O)([O-])[O-])c(N)n1.[H]O[H]>>Cc1ncc(COP(=O)([O-])[O-])c(N)n1.O=P([O-])([O-])O.[H+],O=P([O-])([O-])O.Nc1ncnc2c1ncn2[C@@H]1O[C@H](COP(=O)([O-])OP(=O)([O-])[O-])[C@@H](O)[C@H]1O.[H+].CC[C@H](NC(=O)CC[C@H](N)C(=O)O)C(=O)NCC(=O)O>>Nc1ncnc2c1ncn2[C@@H]1O[C@H](COP(=O)([O-])OP(=O)([O-])OP(=O)([O-])[O-])[C@@H](O)[C@H]1O.[NH3+]CC(=O)[O-].CC[C@H](NC(=O)CC[C@H](N)C(=O)O)C(=O)O
100,43.633834,Q82V16,Glutathione synthetase,Nitrosomonas europaea (strain ATCC 19718 / CIP 103999 / KCTC 2705 / NBRC 14298) OX=228410,13.0,MNXR114298,-,6.3.2.3,3.0,0.0,0.51033,0.628347,1,0.569336,35.2,29.6,13.8,26.6,35792.94,5.2662,44.062,Cc1ncc(COP(=O)([O-])OP(=O)([O-])[O-])c(N)n1.[H]O[H]>>Cc1ncc(COP(=O)([O-])[O-])c(N)n1.O=P([O-])([O-])O.[H+],O=P([O-])([O-])O.Nc1ncnc2c1ncn2[C@@H]1O[C@H](COP(=O)([O-])OP(=O)([O-])[O-])[C@@H](O)[C@H]1O.[H+].CC[C@H](NC(=O)CC[C@H](N)C(=O)O)C(=O)NCC(=O)O>>Nc1ncnc2c1ncn2[C@@H]1O[C@H](COP(=O)([O-])OP(=O)([O-])OP(=O)([O-])[O-])[C@@H](O)[C@H]1O.[NH3+]CC(=O)[O-].CC[C@H](NC(=O)CC[C@H](N)C(=O)O)C(=O)O
101,43.633834,Q98DE8,Glutathione synthetase,Mesorhizobium japonicum (strain LMG 29417 / CECT 9101 / MAFF 303099) OX=266835,13.0,MNXR114298,-,6.3.2.3,3.0,0.0,0.51033,0.628347,1,0.569336,38.4,25.6,19.9,21.5,35482.62,6.5223,47.284,Cc1ncc(COP(=O)([O-])OP(=O)([O-])[O-])c(N)n1.[H]O[H]>>Cc1ncc(COP(=O)([O-])[O-])c(N)n1.O=P([O-])([O-])O.[H+],O=P([O-])([O-])O.Nc1ncnc2c1ncn2[C@@H]1O[C@H](COP(=O)([O-])OP(=O)([O-])[O-])[C@@H](O)[C@H]1O.[H+].CC[C@H](NC(=O)CC[C@H](N)C(=O)O)C(=O)NCC(=O)O>>Nc1ncnc2c1ncn2[C@@H]1O[C@H](COP(=O)([O-])OP(=O)([O-])OP(=O)([O-])[O-])[C@@H](O)[C@H]1O.[NH3+]CC(=O)[O-].CC[C@H](NC(=O)CC[C@H](N)C(=O)O)C(=O)O
102,43.633834,Q7W910,Glutathione synthetase,Bordetella parapertussis (strain 12822 / ATCC BAA-587 / NCTC 13253) OX=257311,13.0,MNXR114298,-,6.3.2.3,3.0,0.0,0.51033,0.628347,1,0.569336,34.8,33.4,13.6,23.5,34651.68,5.6188,40.252,Cc1ncc(COP(=O)([O-])OP(=O)([O-])[O-])c(N)n1.[H]O[H]>>Cc1ncc(COP(=O)([O-])[O-])c(N)n1.O=P([O-])([O-])O.[H+],O=P([O-])([O-])O.Nc1ncnc2c1ncn2[C@@H]1O[C@H](COP(=O)([O-])OP(=O)([O-])[O-])[C@@H](O)[C@H]1O.[H+].CC[C@H](NC(=O)CC[C@H](N)C(=O)O)C(=O)NCC(=O)O>>Nc1ncnc2c1ncn2[C@@H]1O[C@H](COP(=O)([O-])OP(=O)([O-])OP(=O)([O-])[O-])[C@@H](O)[C@H]1O.[NH3+]CC(=O)[O-].CC[C@H](NC(=O)CC[C@H](N)C(=O)O)C(=O)O
103,43.633834,Q8PHZ5,Glutathione synthetase,Xanthomonas axonopodis pv. citri (strain 306) OX=190486,13.0,MNXR114298,-,6.3.2.3,3.0,0.0,0.51033,0.628347,1,0.569336,35.3,30.3,18.0,21.7,34321.44,5.8414,39.557,Cc1ncc(COP(=O)([O-])OP(=O)([O-])[O-])c(N)n1.[H]O[H]>>Cc1ncc(COP(=O)([O-])[O-])c(N)n1.O=P([O-])([O-])O.[H+],O=P([O-])([O-])O.Nc1ncnc2c1ncn2[C@@H]1O[C@H](COP(=O)([O-])OP(=O)([O-])[O-])[C@@H](O)[C@H]1O.[H+].CC[C@H](NC(=O)CC[C@H](N)C(=O)O)C(=O)NCC(=O)O>>Nc1ncnc2c1ncn2[C@@H]1O[C@H](COP(=O)([O-])OP(=O)([O-])OP(=O)([O-])[O-])[C@@H](O)[C@H]1O.[NH3+]CC(=O)[O-].CC[C@H](NC(=O)CC[C@H](N)C(=O)O)C(=O)O
104,43.633834,Q9ABS9,Glutathione synthetase,Caulobacter vibrioides (strain ATCC 19089 / CB15) OX=190650,13.0,MNXR114298,-,6.3.2.3,3.0,0.0,0.51033,0.628347,1,0.569336,46.2,28.2,13.6,17.3,34878.10,5.6393,41.956,Cc1ncc(COP(=O)([O-])OP(=O)([O-])[O-])c(N)n1.[H]O[H]>>Cc1ncc(COP(=O)([O-])[O-])c(N)n1.O=P([O-])([O-])O.[H+],O=P([O-])([O-])O.Nc1ncnc2c1ncn2[C@@H]1O[C@H](COP(=O)([O-])OP(=O)([O-])[O-])[C@@H](O)[C@H]1O.[H+].CC[C@H](NC(=O)CC[C@H](N)C(=O)O)C(=O)NCC(=O)O>>Nc1ncnc2c1ncn2[C@@H]1O[C@H](COP(=O)([O-])OP(=O)([O-])OP(=O)([O-])[O-])[C@@H](O)[C@H]1O.[NH3+]CC(=O)[O-].CC[C@H](NC(=O)CC[C@H](N)C(=O)O)C(=O)O
105,43.633834,Q87VA4,Glutathione synthetase,Pseudomonas syringae pv. tomato (strain ATCC BAA-871 / DC3000) OX=223283,13.0,MNXR114298,-,6.3.2.3,3.0,0.0,0.51033,0.628347,1,0.569336,42.2,25.1,17.8,20.1,35336.75,5.0067,42.006,Cc1ncc(COP(=O)([O-])OP(=O)([O-])[O-])c(N)n1.[H]O[H]>>Cc1ncc(COP(=O)([O-])[O-])c(N)n1.O=P([O-])([O-])O.[H+],O=P([O-])([O-])O.Nc1ncnc2c1ncn2[C@@H]1O[C@H](COP(=O)([O-])OP(=O)([O-])[O-])[C@@H](O)[C@H]1O.[H+].CC[C@H](NC(=O)CC[C@H](N)C(=O)O)C(=O)NCC(=O)O>>Nc1ncnc2c1ncn2[C@@H]1O[C@H](COP(=O)([O-])OP(=O)([O-])OP(=O)([O-])[O-])[C@@H](O)[C@H]1O.[NH3+]CC(=O)[O-].CC[C@H](NC(=O)CC[C@H](N)C(=O)O)C(=O)O
106,43.633834,P58579,Glutathione synthetase,Ralstonia solanacearum (strain GMI1000) OX=267608,13.0,MNXR114298,-,6.3.2.3,3.0,0.0,0.51033,0.628347,1,0.569336,34.1,33.8,13.3,24.0,35329.60,7.1469,40.741,Cc1ncc(COP(=O)([O-])OP(=O)([O-])[O-])c(N)n1.[H]O[H]>>Cc1ncc(COP(=O)([O-])[O-])c(N)n1.O=P([O-])([O-])O.[H+],O=P([O-])([O-])O.Nc1ncnc2c1ncn2[C@@H]1O[C@H](COP(=O)([O-])OP(=O)([O-])[O-])[C@@H](O)[C@H]1O.[H+].CC[C@H](NC(=O)CC[C@H](N)C(=O)O)C(=O)NCC(=O)O>>Nc1ncnc2c1ncn2[C@@H]1O[C@H](COP(=O)([O-])OP(=O)([O-])OP(=O)([O-])[O-])[C@@H](O)[C@H]1O.[NH3+]CC(=O)[O-].CC[C@H](NC(=O)CC[C@H](N)C(=O)O)C(=O)O
107,43.633834,Q89WL0,Glutathione synthetase,Bradyrhizobium diazoefficiens (strain JCM 10833 / BCRC 13528 / IAM 13628 / NBRC 14792 / USDA 110) OX=224911,13.0,MNXR114298,-,6.3.2.3,3.0,0.0,0.51033,0.628347,1,0.569336,37.2,28.2,13.1,26.8,34760.14,6.7315,42.357,Cc1ncc(COP(=O)([O-])OP(=O)([O-])[O-])c(N)n1.[H]O[H]>>Cc1ncc(COP(=O)([O-])[O-])c(N)n1.O=P([O-])([O-])O.[H+],O=P([O-])([O-])O.Nc1ncnc2c1ncn2[C@@H]1O[C@H](COP(=O)([O-])OP(=O)([O-])[O-])[C@@H](O)[C@H]1O.[H+].CC[C@H](NC(=O)CC[C@H](N)C(=O)O)C(=O)NCC(=O)O>>Nc1ncnc2c1ncn2[C@@H]1O[C@H](COP(=O)([O-])OP(=O)([O-])OP(=O)([O-])[O-])[C@@H](O)[C@H]1O.[NH3+]CC(=O)[O-].CC[C@H](NC(=O)CC[C@H](N)C(=O)O)C(=O)O
108,43.633834,Q2L0C4,Putative glutamate--cysteine ligase 2,Bordetella avium (strain 197N) OX=360910,13.0,MNXR180492,-,6.3.2.2;6.3.2.3,3.0,0.0,0.51033,0.628347,-1,0.569336,43.4,15.2,19.4,26.1,44788.96,6.6140,42.680,Cc1ncc(COP(=O)([O-])OP(=O)([O-])[O-])c(N)n1.[H]O[H]>>Cc1ncc(COP(=O)([O-])[O-])c(N)n1.O=P([O-])([O-])O.[H+],[NH3+][C@@H](CCC(=O)[O-])C(=O)[O-].Nc1ncnc2c1ncn2[C@@H]1O[C@H](COP(=O)([O-])OP(=O)([O-])OP(=O)([O-])[O-])[C@@H](O)[C@H]1O.[NH3+]CC(=O)[O-].NC(CS)C(=O)O>>[NH3+][C@@H](CCC(=O)N[C@@H](CS)C(=O)NCC(=O)[O-])C(=O)[O-].O=P([O-])([O-])O.Nc1ncnc2c1ncn2[C@@H]1O[C@H](COP(=O)([O-])OP(=O)([O-])[O-])[C@@H](O)[C@H]1O.[H+]
109,43.633834,Q9KUP7,Glutathione synthetase,Vibrio cholerae serotype O1 (strain ATCC 39315 / El Tor Inaba N16961) OX=243277,13.0,MNXR114298,-,6.3.2.3,3.0,0.0,0.51033,0.628347,1,0.569336,48.7,19.2,17.2,20.2,35407.97,4.9492,44.340,Cc1ncc(COP(=O)([O-])OP(=O)([O-])[O-])c(N)n1.[H]O[H]>>Cc1ncc(COP(=O)([O-])[O-])c(N)n1.O=P([O-])([O-])O.[H+],O=P([O-])([O-])O.Nc1ncnc2c1ncn2[C@@H]1O[C@H](COP(=O)([O-])OP(=O)([O-])[O-])[C@@H](O)[C@H]1O.[H+].CC[C@H](NC(=O)CC[C@H](N)C(=O)O)C(=O)NCC(=O)O>>Nc1ncnc2c1ncn2[C@@H]1O[C@H](COP(=O)([O-])OP(=O)([O-])OP(=O)([O-])[O-])[C@@H](O)[C@H]1O.[NH3+]CC(=O)[O-].CC[C@H](NC(=O)CC[C@H](N)C(=O)O)C(=O)O
110,43.633834,Q7WKF5,Glutathione synthetase,Bordetella bronchiseptica (strain ATCC BAA-588 / NCTC 13252 / RB50) OX=257310,13.0,MNXR114298,MNXR180492_0.5103251637201857_0.628346676194679,6.3.2.3,3.0,0.0,0.51033,0.628347,1,0.569336,34.8,33.4,13.6,23.5,34651.68,5.6188,40.252,Cc1ncc(COP(=O)([O-])OP(=O)([O-])[O-])c(N)n1.[H]O[H]>>Cc1ncc(COP(=O)([O-])[O-])c(N)n1.O=P([O-])([O-])O.[H+],O=P([O-])([O-])O.Nc1ncnc2c1ncn2[C@@H]1O[C@H](COP(=O)([O-])OP(=O)([O-])[O-])[C@@H](O)[C@H]1O.[H+].CC[C@H](NC(=O)CC[C@H](N)C(=O)O)C(=O)NCC(=O)O>>Nc1ncnc2c1ncn2[C@@H]1O[C@H](COP(=O)([O-])OP(=O)([O-])OP(=O)([O-])[O-])[C@@H](O)[C@H]1O.[NH3+]CC(=O)[O-].CC[C@H](NC(=O)CC[C@H](N)C(=O)O)C(=O)O
111,43.633834,Q28R34,Putative glutamate--cysteine ligase 2,Jannaschia sp. (strain CCS1) OX=290400,13.0,MNXR180492,-,6.3.2.2;6.3.2.3,3.0,0.0,0.51033,0.628347,-1,0.569336,50.6,17.1,16.6,20.2,42506.14,4.6332,46.032,Cc1ncc(COP(=O)([O-])OP(=O)([O-])[O-])c(N)n1.[H]O[H]>>Cc1ncc(COP(=O)([O-])[O-])c(N)n1.O=P([O-])([O-])O.[H+],[NH3+][C@@H](CCC(=O)[O-])C(=O)[O-].Nc1ncnc2c1ncn2[C@@H]1O[C@H](COP(=O)([O-])OP(=O)([O-])OP(=O)([O-])[O-])[C@@H](O)[C@H]1O.[NH3+]CC(=O)[O-].NC(CS)C(=O)O>>[NH3+][C@@H](CCC(=O)N[C@@H](CS)C(=O)NCC(=O)[O-])C(=O)[O-].O=P([O-])([O-])O.Nc1ncnc2c1ncn2[C@@H]1O[C@H](COP(=O)([O-])OP(=O)([O-])[O-])[C@@H](O)[C@H]1O.[H+]
112,43.633834,Q89NS0,Putative glutamate--cysteine ligase 2,Bradyrhizobium diazoefficiens (strain JCM 10833 / BCRC 13528 / IAM 13628 / NBRC 14792 / USDA 110) OX=224911,13.0,MNXR180492,-,6.3.2.2;6.3.2.3,3.0,0.0,0.51033,0.628347,-1,0.569336,42.7,19.3,20.2,21.7,48096.59,7.4206,46.948,Cc1ncc(COP(=O)([O-])OP(=O)([O-])[O-])c(N)n1.[H]O[H]>>Cc1ncc(COP(=O)([O-])[O-])c(N)n1.O=P([O-])([O-])O.[H+],[NH3+][C@@H](CCC(=O)[O-])C(=O)[O-].Nc1ncnc2c1ncn2[C@@H]1O[C@H](COP(=O)([O-])OP(=O)([O-])OP(=O)([O-])[O-])[C@@H](O)[C@H]1O.[NH3+]CC(=O)[O-].NC(CS)C(=O)O>>[NH3+][C@@H](CCC(=O)N[C@@H](CS)C(=O)NCC(=O)[O-])C(=O)[O-].O=P([O-])([O-])O.Nc1ncnc2c1ncn2[C@@H]1O[C@H](COP(=O)([O-])OP(=O)([O-])[O-])[C@@H](O)[C@H]1O.[H+]
113,43.633834,Q5LRC0,Putative glutamate--cysteine ligase 2,Ruegeria pomeroyi (strain ATCC 700808 / DSM 15171 / DSS-3) OX=246200,13.0,MNXR180492,-,6.3.2.2;6.3.2.3,3.0,0.0,0.51033,0.628347,-1,0.569336,52.4,13.6,17.1,21.2,43508.73,6.7618,45.833,Cc1ncc(COP(=O)([O-])OP(=O)([O-])[O-])c(N)n1.[H]O[H]>>Cc1ncc(COP(=O)([O-])[O-])c(N)n1.O=P([O-])([O-])O.[H+],[NH3+][C@@H](CCC(=O)[O-])C(=O)[O-].Nc1ncnc2c1ncn2[C@@H]1O[C@H](COP(=O)([O-])OP(=O)([O-])OP(=O)([O-])[O-])[C@@H](O)[C@H]1O.[NH3+]CC(=O)[O-].NC(CS)C(=O)O>>[NH3+][C@@H](CCC(=O)N[C@@H](CS)C(=O)NCC(=O)[O-])C(=O)[O-].O=P([O-])([O-])O.Nc1ncnc2c1ncn2[C@@H]1O[C@H](COP(=O)([O-])OP(=O)([O-])[O-])[C@@H](O)[C@H]1O.[H+]
114,43.633834,Q7VY62,Glutathione synthetase,Bordetella pertussis (strain Tohama I / ATCC BAA-589 / NCTC 13251) OX=257313,13.0,MNXR114298,MNXR180492_0.5103251637201857_0.628346676194679,6.3.2.3,3.0,0.0,0.51033,0.628347,1,0.569336,36.1,33.4,12.3,23.5,34755.80,5.3912,40.566,Cc1ncc(COP(=O)([O-])OP(=O)([O-])[O-])c(N)n1.[H]O[H]>>Cc1ncc(COP(=O)([O-])[O-])c(N)n1.O=P([O-])([O-])O.[H+],O=P([O-])([O-])O.Nc1ncnc2c1ncn2[C@@H]1O[C@H](COP(=O)([O-])OP(=O)([O-])[O-])[C@@H](O)[C@H]1O.[H+].CC[C@H](NC(=O)CC[C@H](N)C(=O)O)C(=O)NCC(=O)O>>Nc1ncnc2c1ncn2[C@@H]1O[C@H](COP(=O)([O-])OP(=O)([O-])OP(=O)([O-])[O-])[C@@H](O)[C@H]1O.[NH3+]CC(=O)[O-].CC[C@H](NC(=O)CC[C@H](N)C(=O)O)C(=O)O
115,42.633834,Q2T2K3,Putative glutamate--cysteine ligase 2,Burkholderia thailandensis (strain ATCC 700388 / DSM 13276 / CIP 106301 / E264) OX=271848,14.0,MNXR180492,-,6.3.2.2;6.3.2.3,3.0,0.0,0.51033,0.628347,-1,0.569336,38.9,21.7,20.3,23.7,41755.49,5.8063,44.474,Cc1ncc(COP(=O)([O-])OP(=O)([O-])[O-])c(N)n1.[H]O[H]>>Cc1ncc(COP(=O)([O-])[O-])c(N)n1.O=P([O-])([O-])O.[H+],[NH3+][C@@H](CCC(=O)[O-])C(=O)[O-].Nc1ncnc2c1ncn2[C@@H]1O[C@H](COP(=O)([O-])OP(=O)([O-])OP(=O)([O-])[O-])[C@@H](O)[C@H]1O.[NH3+]CC(=O)[O-].NC(CS)C(=O)O>>[NH3+][C@@H](CCC(=O)N[C@@H](CS)C(=O)NCC(=O)[O-])C(=O)[O-].O=P([O-])([O-])O.Nc1ncnc2c1ncn2[C@@H]1O[C@H](COP(=O)([O-])OP(=O)([O-])[O-])[C@@H](O)[C@H]1O.[H+]
116,42.633834,Q7NQ65,Glutathione synthetase,Chromobacterium violaceum (strain ATCC 12472 / DSM 30191 / JCM 1249 / NBRC 12614 / NCIMB 9131 / NCTC 9757) OX=243365,14.0,MNXR114298,-,6.3.2.3,3.0,0.0,0.51033,0.628347,1,0.569336,37.9,29.9,16.1,21.5,35087.33,6.6059,43.631,Cc1ncc(COP(=O)([O-])OP(=O)([O-])[O-])c(N)n1.[H]O[H]>>Cc1ncc(COP(=O)([O-])[O-])c(N)n1.O=P([O-])([O-])O.[H+],O=P([O-])([O-])O.Nc1ncnc2c1ncn2[C@@H]1O[C@H](COP(=O)([O-])OP(=O)([O-])[O-])[C@@H](O)[C@H]1O.[H+].CC[C@H](NC(=O)CC[C@H](N)C(=O)O)C(=O)NCC(=O)O>>Nc1ncnc2c1ncn2[C@@H]1O[C@H](COP(=O)([O-])OP(=O)([O-])OP(=O)([O-])[O-])[C@@H](O)[C@H]1O.[NH3+]CC(=O)[O-].CC[C@H](NC(=O)CC[C@H](N)C(=O)O)C(=O)O
117,42.633834,Q9JYJ3,Glutathione synthetase,Neisseria meningitidis serogroup B (strain MC58) OX=122586,14.0,MNXR114298,-,6.3.2.3,3.0,0.0,0.51033,0.628347,1,0.569336,47.9,24.4,9.6,23.4,35145.52,6.5434,42.320,Cc1ncc(COP(=O)([O-])OP(=O)([O-])[O-])c(N)n1.[H]O[H]>>Cc1ncc(COP(=O)([O-])[O-])c(N)n1.O=P([O-])([O-])O.[H+],O=P([O-])([O-])O.Nc1ncnc2c1ncn2[C@@H]1O[C@H](COP(=O)([O-])OP(=O)([O-])[O-])[C@@H](O)[C@H]1O.[H+].CC[C@H](NC(=O)CC[C@H](N)C(=O)O)C(=O)NCC(=O)O>>Nc1ncnc2c1ncn2[C@@H]1O[C@H](COP(=O)([O-])OP(=O)([O-])OP(=O)([O-])[O-])[C@@H](O)[C@H]1O.[NH3+]CC(=O)[O-].CC[C@H](NC(=O)CC[C@H](N)C(=O)O)C(=O)O
118,42.633834,A3N3Y5,Putative glutamate--cysteine ligase 2,Burkholderia pseudomallei (strain 668) OX=320373,14.0,MNXR180492,-,6.3.2.2;6.3.2.3,3.0,0.0,0.51033,0.628347,-1,0.569336,38.9,21.7,20.3,23.7,41778.53,5.9614,44.474,Cc1ncc(COP(=O)([O-])OP(=O)([O-])[O-])c(N)n1.[H]O[H]>>Cc1ncc(COP(=O)([O-])[O-])c(N)n1.O=P([O-])([O-])O.[H+],[NH3+][C@@H](CCC(=O)[O-])C(=O)[O-].Nc1ncnc2c1ncn2[C@@H]1O[C@H](COP(=O)([O-])OP(=O)([O-])OP(=O)([O-])[O-])[C@@H](O)[C@H]1O.[NH3+]CC(=O)[O-].NC(CS)C(=O)O>>[NH3+][C@@H](CCC(=O)N[C@@H](CS)C(=O)NCC(=O)[O-])C(=O)[O-].O=P([O-])([O-])O.Nc1ncnc2c1ncn2[C@@H]1O[C@H](COP(=O)([O-])OP(=O)([O-])[O-])[C@@H](O)[C@H]1O.[H+]
119,42.633834,Q92SN3,Glutathione synthetase,Rhizobium meliloti (strain 1021) OX=266834,14.0,MNXR114298,-,6.3.2.3,3.0,0.0,0.51033,0.628347,1,0.569336,36.1,31.8,18.1,19.4,35317.33,5.8914,45.079,Cc1ncc(COP(=O)([O-])OP(=O)([O-])[O-])c(N)n1.[H]O[H]>>Cc1ncc(COP(=O)([O-])[O-])c(N)n1.O=P([O-])([O-])O.[H+],O=P([O-])([O-])O.Nc1ncnc2c1ncn2[C@@H]1O[C@H](COP(=O)([O-])OP(=O)([O-])[O-])[C@@H](O)[C@H]1O.[H+].CC[C@H](NC(=O)CC[C@H](N)C(=O)O)C(=O)NCC(=O)O>>Nc1ncnc2c1ncn2[C@@H]1O[C@H](COP(=O)([O-])OP(=O)([O-])OP(=O)([O-])[O-])[C@@H](O)[C@H]1O.[NH3+]CC(=O)[O-].CC[C@H](NC(=O)CC[C@H](N)C(=O)O)C(=O)O
120,42.633834,A3MQF9,Putative glutamate--cysteine ligase 2,Burkholderia mallei (strain NCTC 10247) OX=320389,14.0,MNXR180492,-,6.3.2.2;6.3.2.3,3.0,0.0,0.51033,0.628347,-1,0.569336,38.9,21.7,20.3,23.7,41778.53,5.9614,44.474,Cc1ncc(COP(=O)([O-])OP(=O)([O-])[O-])c(N)n1.[H]O[H]>>Cc1ncc(COP(=O)([O-])[O-])c(N)n1.O=P([O-])([O-])O.[H+],[NH3+][C@@H](CCC(=O)[O-])C(=O)[O-].Nc1ncnc2c1ncn2[C@@H]1O[C@H](COP(=O)([O-])OP(=O)([O-])OP(=O)([O-])[O-])[C@@H](O)[C@H]1O.[NH3+]CC(=O)[O-].NC(CS)C(=O)O>>[NH3+][C@@H](CCC(=O)N[C@@H](CS)C(=O)NCC(=O)[O-])C(=O)[O-].O=P([O-])([O-])O.Nc1ncnc2c1ncn2[C@@H]1O[C@H](COP(=O)([O-])OP(=O)([O-])[O-])[C@@H](O)[C@H]1O.[H+]
121,42.633834,Q9JTJ6,Glutathione synthetase,Neisseria meningitidis serogroup A / serotype 4A (strain DSM 15465 / Z2491) OX=122587,14.0,MNXR114298,-,6.3.2.3,3.0,0.0,0.51033,0.628347,1,0.569336,50.3,25.2,9.9,19.9,35171.50,6.1683,43.082,Cc1ncc(COP(=O)([O-])OP(=O)([O-])[O-])c(N)n1.[H]O[H]>>Cc1ncc(COP(=O)([O-])[O-])c(N)n1.O=P([O-])([O-])O.[H+],O=P([O-])([O-])O.Nc1ncnc2c1ncn2[C@@H]1O[C@H](COP(=O)([O-])OP(=O)([O-])[O-])[C@@H](O)[C@H]1O.[H+].CC[C@H](NC(=O)CC[C@H](N)C(=O)O)C(=O)NCC(=O)O>>Nc1ncnc2c1ncn2[C@@H]1O[C@H](COP(=O)([O-])OP(=O)([O-])OP(=O)([O-])[O-])[C@@H](O)[C@H]1O.[NH3+]CC(=O)[O-].CC[C@H](NC(=O)CC[C@H](N)C(=O)O)C(=O)O
122,42.633834,Q8FXW6,Glutathione synthetase,Brucella suis biovar 1 (strain 1330) OX=204722,14.0,MNXR114298,-,6.3.2.3,3.0,0.0,0.51033,0.628347,1,0.569336,38.9,23.6,16.2,26.7,35355.46,5.4633,46.474,Cc1ncc(COP(=O)([O-])OP(=O)([O-])[O-])c(N)n1.[H]O[H]>>Cc1ncc(COP(=O)([O-])[O-])c(N)n1.O=P([O-])([O-])O.[H+],O=P([O-])([O-])O.Nc1ncnc2c1ncn2[C@@H]1O[C@H](COP(=O)([O-])OP(=O)([O-])[O-])[C@@H](O)[C@H]1O.[H+].CC[C@H](NC(=O)CC[C@H](N)C(=O)O)C(=O)NCC(=O)O>>Nc1ncnc2c1ncn2[C@@H]1O[C@H](COP(=O)([O-])OP(=O)([O-])OP(=O)([O-])[O-])[C@@H](O)[C@H]1O.[NH3+]CC(=O)[O-].CC[C@H](NC(=O)CC[C@H](N)C(=O)O)C(=O)O
123,41.858536,A4HW65,Bifunctional NAD(P)H-hydrate repair enzyme,Leishmania infantum OX=5671,21.0,MNXR113625,MNXR113626_0.5206196934885686_0.7425507295612764,4.2.1.-;4.2.1.136,3.0,0.0,0.52062,0.742551,-1,0.631585,41.2,27.2,13.2,21.3,58327.82,7.4204,37.500,Cc1ncc(COP(=O)([O-])OP(=O)([O-])[O-])c(N)n1.[H]O[H]>>Cc1ncc(COP(=O)([O-])[O-])c(N)n1.O=P([O-])([O-])O.[H+],Nc1ncnc2c1ncn2[C@@H]1O[C@H](COP(=O)([O-])OP(=O)([O-])[O-])[C@@H](O)[C@H]1O.NC(=O)C1=CN([C@@H]2O[C@H](COP(=O)([O-])OP(=O)([O-])OC[C@H]3O[C@@H](n4cnc5c(N)ncnc54)[C@H](O)[C@@H]3O)[C@@H](O)[C@H]2O)[C@@H](O)CC1>>O=P([O-])([O-])O.[H+].NC(=O)C1=CN([C@@H]2O[C@H](COP(=O)([O-])OP(=O)([O-])OC[C@H]3O[C@@H](n4cnc5c(N)ncnc54)[C@H](O)[C@@H]3O)[C@@H](O)[C@H]2O)C=CC1.Nc1ncnc2c1ncn2[C@@H]1O[C@H](COP(=O)([O-])[O-])[C@@H](O)[C@H]1O
124,41.858536,A4H7T9,Bifunctional NAD(P)H-hydrate repair enzyme,Leishmania braziliensis OX=5660,21.0,MNXR113625,MNXR113626_0.5206196934885686_0.7425507295612764,4.2.1.-;4.2.1.136,3.0,0.0,0.52062,0.742551,-1,0.631585,45.1,27.2,12.1,18.5,58658.21,6.5941,37.968,Cc1ncc(COP(=O)([O-])OP(=O)([O-])[O-])c(N)n1.[H]O[H]>>Cc1ncc(COP(=O)([O-])[O-])c(N)n1.O=P([O-])([O-])O.[H+],Nc1ncnc2c1ncn2[C@@H]1O[C@H](COP(=O)([O-])OP(=O)([O-])[O-])[C@@H](O)[C@H]1O.NC(=O)C1=CN([C@@H]2O[C@H](COP(=O)([O-])OP(=O)([O-])OC[C@H]3O[C@@H](n4cnc5c(N)ncnc54)[C@H](O)[C@@H]3O)[C@@H](O)[C@H]2O)[C@@H](O)CC1>>O=P([O-])([O-])O.[H+].NC(=O)C1=CN([C@@H]2O[C@H](COP(=O)([O-])OP(=O)([O-])OC[C@H]3O[C@@H](n4cnc5c(N)ncnc54)[C@H](O)[C@@H]3O)[C@@H](O)[C@H]2O)C=CC1.Nc1ncnc2c1ncn2[C@@H]1O[C@H](COP(=O)([O-])[O-])[C@@H](O)[C@H]1O
125,41.858536,Q4QFL5,Bifunctional NAD(P)H-hydrate repair enzyme,Leishmania major OX=5664,21.0,MNXR113625,MNXR113626_0.5206196934885686_0.7425507295612764,4.2.1.-;4.2.1.136,3.0,0.0,0.52062,0.742551,-1,0.631585,43.6,27.2,13.4,18.8,58433.88,7.1611,37.679,Cc1ncc(COP(=O)([O-])OP(=O)([O-])[O-])c(N)n1.[H]O[H]>>Cc1ncc(COP(=O)([O-])[O-])c(N)n1.O=P([O-])([O-])O.[H+],Nc1ncnc2c1ncn2[C@@H]1O[C@H](COP(=O)([O-])OP(=O)([O-])[O-])[C@@H](O)[C@H]1O.NC(=O)C1=CN([C@@H]2O[C@H](COP(=O)([O-])OP(=O)([O-])OC[C@H]3O[C@@H](n4cnc5c(N)ncnc54)[C@H](O)[C@@H]3O)[C@@H](O)[C@H]2O)[C@@H](O)CC1>>O=P([O-])([O-])O.[H+].NC(=O)C1=CN([C@@H]2O[C@H](COP(=O)([O-])OP(=O)([O-])OC[C@H]3O[C@@H](n4cnc5c(N)ncnc54)[C@H](O)[C@@H]3O)[C@@H](O)[C@H]2O)C=CC1.Nc1ncnc2c1ncn2[C@@H]1O[C@H](COP(=O)([O-])[O-])[C@@H](O)[C@H]1O
126,41.633834,Q8YE82,Glutathione synthetase,Brucella melitensis biotype 1 (strain 16M / ATCC 23456 / NCTC 10094) OX=224914,15.0,MNXR114298,-,6.3.2.3,3.0,0.0,0.51033,0.628347,1,0.569336,37.5,22.3,17.6,28.0,35445.54,5.2881,46.795,Cc1ncc(COP(=O)([O-])OP(=O)([O-])[O-])c(N)n1.[H]O[H]>>Cc1ncc(COP(=O)([O-])[O-])c(N)n1.O=P([O-])([O-])O.[H+],O=P([O-])([O-])O.Nc1ncnc2c1ncn2[C@@H]1O[C@H](COP(=O)([O-])OP(=O)([O-])[O-])[C@@H](O)[C@H]1O.[H+].CC[C@H](NC(=O)CC[C@H](N)C(=O)O)C(=O)NCC(=O)O>>Nc1ncnc2c1ncn2[C@@H]1O[C@H](COP(=O)([O-])OP(=O)([O-])OP(=O)([O-])[O-])[C@@H](O)[C@H]1O.[NH3+]CC(=O)[O-].CC[C@H](NC(=O)CC[C@H](N)C(=O)O)C(=O)O
127,41.633834,A9GS95,Putative glutamate--cysteine ligase 2,Sorangium cellulosum (strain So ce56) OX=448385,15.0,MNXR180492,-,6.3.2.2;6.3.2.3,3.0,0.0,0.51033,0.628347,-1,0.569336,42.1,21.7,18.4,22.3,42708.79,6.9616,46.400,Cc1ncc(COP(=O)([O-])OP(=O)([O-])[O-])c(N)n1.[H]O[H]>>Cc1ncc(COP(=O)([O-])[O-])c(N)n1.O=P([O-])([O-])O.[H+],[NH3+][C@@H](CCC(=O)[O-])C(=O)[O-].Nc1ncnc2c1ncn2[C@@H]1O[C@H](COP(=O)([O-])OP(=O)([O-])OP(=O)([O-])[O-])[C@@H](O)[C@H]1O.[NH3+]CC(=O)[O-].NC(CS)C(=O)O>>[NH3+][C@@H](CCC(=O)N[C@@H](CS)C(=O)NCC(=O)[O-])C(=O)[O-].O=P([O-])([O-])O.Nc1ncnc2c1ncn2[C@@H]1O[C@H](COP(=O)([O-])OP(=O)([O-])[O-])[C@@H](O)[C@H]1O.[H+]
128,41.633834,Q6ANW2,Glutathione biosynthesis bifunctional protein GshAB,Desulfotalea psychrophila (strain LSv54 / DSM 12343) OX=177439,15.0,MNXR114298,-,6.3.2.3,3.0,0.0,0.51033,0.628347,1,0.569336,42.7,17.4,21.5,20.4,89335.59,6.2670,50.064,Cc1ncc(COP(=O)([O-])OP(=O)([O-])[O-])c(N)n1.[H]O[H]>>Cc1ncc(COP(=O)([O-])[O-])c(N)n1.O=P([O-])([O-])O.[H+],O=P([O-])([O-])O.Nc1ncnc2c1ncn2[C@@H]1O[C@H](COP(=O)([O-])OP(=O)([O-])[O-])[C@@H](O)[C@H]1O.[H+].CC[C@H](NC(=O)CC[C@H](N)C(=O)O)C(=O)NCC(=O)O>>Nc1ncnc2c1ncn2[C@@H]1O[C@H](COP(=O)([O-])OP(=O)([O-])OP(=O)([O-])[O-])[C@@H](O)[C@H]1O.[NH3+]CC(=O)[O-].CC[C@H](NC(=O)CC[C@H](N)C(=O)O)C(=O)O
129,41.633834,Q8UII5,Glutathione synthetase,Agrobacterium fabrum (strain C58 / ATCC 33970) OX=176299,15.0,MNXR114298,-,6.3.2.3,3.0,0.0,0.51033,0.628347,1,0.569336,41.9,23.4,15.2,24.8,36052.11,5.6747,46.395,Cc1ncc(COP(=O)([O-])OP(=O)([O-])[O-])c(N)n1.[H]O[H]>>Cc1ncc(COP(=O)([O-])[O-])c(N)n1.O=P([O-])([O-])O.[H+],O=P([O-])([O-])O.Nc1ncnc2c1ncn2[C@@H]1O[C@H](COP(=O)([O-])OP(=O)([O-])[O-])[C@@H](O)[C@H]1O.[H+].CC[C@H](NC(=O)CC[C@H](N)C(=O)O)C(=O)NCC(=O)O>>Nc1ncnc2c1ncn2[C@@H]1O[C@H](COP(=O)([O-])OP(=O)([O-])OP(=O)([O-])[O-])[C@@H](O)[C@H]1O.[NH3+]CC(=O)[O-].CC[C@H](NC(=O)CC[C@H](N)C(=O)O)C(=O)O
130,40.833834,Q8Y3R3,Glutathione biosynthesis bifunctional protein GshAB,Listeria monocytogenes serovar 1/2a (strain ATCC BAA-679 / EGD-e) OX=169963,16.0,MNXR114298,-,6.3.2.3,1.0,0.0,0.51033,0.628347,1,0.569336,52.5,15.3,14.5,19.9,87728.38,4.6623,50.195,Cc1ncc(COP(=O)([O-])OP(=O)([O-])[O-])c(N)n1.[H]O[H]>>Cc1ncc(COP(=O)([O-])[O-])c(N)n1.O=P([O-])([O-])O.[H+],O=P([O-])([O-])O.Nc1ncnc2c1ncn2[C@@H]1O[C@H](COP(=O)([O-])OP(=O)([O-])[O-])[C@@H](O)[C@H]1O.[H+].CC[C@H](NC(=O)CC[C@H](N)C(=O)O)C(=O)NCC(=O)O>>Nc1ncnc2c1ncn2[C@@H]1O[C@H](COP(=O)([O-])OP(=O)([O-])OP(=O)([O-])[O-])[C@@H](O)[C@H]1O.[NH3+]CC(=O)[O-].CC[C@H](NC(=O)CC[C@H](N)C(=O)O)C(=O)O
131,40.633834,Q926X7,Glutathione biosynthesis bifunctional protein GshAB,Listeria innocua serovar 6a (strain ATCC BAA-680 / CLIP 11262) OX=272626,16.0,MNXR114298,-,6.3.2.3,3.0,0.0,0.51033,0.628347,1,0.569336,55.0,14.3,13.1,19.7,87659.35,4.7896,49.675,Cc1ncc(COP(=O)([O-])OP(=O)([O-])[O-])c(N)n1.[H]O[H]>>Cc1ncc(COP(=O)([O-])[O-])c(N)n1.O=P([O-])([O-])O.[H+],O=P([O-])([O-])O.Nc1ncnc2c1ncn2[C@@H]1O[C@H](COP(=O)([O-])OP(=O)([O-])[O-])[C@@H](O)[C@H]1O.[H+].CC[C@H](NC(=O)CC[C@H](N)C(=O)O)C(=O)NCC(=O)O>>Nc1ncnc2c1ncn2[C@@H]1O[C@H](COP(=O)([O-])OP(=O)([O-])OP(=O)([O-])[O-])[C@@H](O)[C@H]1O.[NH3+]CC(=O)[O-].CC[C@H](NC(=O)CC[C@H](N)C(=O)O)C(=O)O
132,40.633834,Q8DW15,Glutathione biosynthesis bifunctional protein GshAB,Streptococcus mutans serotype c (strain ATCC 700610 / UA159) OX=210007,16.0,MNXR114298,MNXR180492_0.5103251637201857_0.628346676194679,6.3.2.3,3.0,0.0,0.51033,0.628347,1,0.569336,46.5,18.6,20.2,16.9,86187.22,6.1699,48.276,Cc1ncc(COP(=O)([O-])OP(=O)([O-])[O-])c(N)n1.[H]O[H]>>Cc1ncc(COP(=O)([O-])[O-])c(N)n1.O=P([O-])([O-])O.[H+],O=P([O-])([O-])O.Nc1ncnc2c1ncn2[C@@H]1O[C@H](COP(=O)([O-])OP(=O)([O-])[O-])[C@@H](O)[C@H]1O.[H+].CC[C@H](NC(=O)CC[C@H](N)C(=O)O)C(=O)NCC(=O)O>>Nc1ncnc2c1ncn2[C@@H]1O[C@H](COP(=O)([O-])OP(=O)([O-])OP(=O)([O-])[O-])[C@@H](O)[C@H]1O.[NH3+]CC(=O)[O-].CC[C@H](NC(=O)CC[C@H](N)C(=O)O)C(=O)O
133,40.633834,A1UAE3,Putative glutamate--cysteine ligase 2-1,Mycobacterium sp. (strain KMS) OX=189918,16.0,MNXR180492,-,6.3.2.2;6.3.2.3,3.0,0.0,0.51033,0.628347,-1,0.569336,42.2,20.3,18.6,23.3,42228.85,5.0493,45.213,Cc1ncc(COP(=O)([O-])OP(=O)([O-])[O-])c(N)n1.[H]O[H]>>Cc1ncc(COP(=O)([O-])[O-])c(N)n1.O=P([O-])([O-])O.[H+],[NH3+][C@@H](CCC(=O)[O-])C(=O)[O-].Nc1ncnc2c1ncn2[C@@H]1O[C@H](COP(=O)([O-])OP(=O)([O-])OP(=O)([O-])[O-])[C@@H](O)[C@H]1O.[NH3+]CC(=O)[O-].NC(CS)C(=O)O>>[NH3+][C@@H](CCC(=O)N[C@@H](CS)C(=O)NCC(=O)[O-])C(=O)[O-].O=P([O-])([O-])O.Nc1ncnc2c1ncn2[C@@H]1O[C@H](COP(=O)([O-])OP(=O)([O-])[O-])[C@@H](O)[C@H]1O.[H+]
134,40.633834,A0AMA3,Glutathione biosynthesis bifunctional protein GshAB,Listeria welshimeri serovar 6b (strain ATCC 35897 / DSM 20650 / CIP 8149 / NCTC 11857 / SLCC 5334 / V8) OX=386043,16.0,MNXR114298,-,6.3.2.3,3.0,0.0,0.51033,0.628347,1,0.569336,53.8,16.8,13.4,18.0,88614.76,4.9714,50.258,Cc1ncc(COP(=O)([O-])OP(=O)([O-])[O-])c(N)n1.[H]O[H]>>Cc1ncc(COP(=O)([O-])[O-])c(N)n1.O=P([O-])([O-])O.[H+],O=P([O-])([O-])O.Nc1ncnc2c1ncn2[C@@H]1O[C@H](COP(=O)([O-])OP(=O)([O-])[O-])[C@@H](O)[C@H]1O.[H+].CC[C@H](NC(=O)CC[C@H](N)C(=O)O)C(=O)NCC(=O)O>>Nc1ncnc2c1ncn2[C@@H]1O[C@H](COP(=O)([O-])OP(=O)([O-])OP(=O)([O-])[O-])[C@@H](O)[C@H]1O.[NH3+]CC(=O)[O-].CC[C@H](NC(=O)CC[C@H](N)C(=O)O)C(=O)O
135,40.633834,Q1AWY5,Putative glutamate--cysteine ligase 2-2,Rubrobacter xylanophilus (strain DSM 9941 / NBRC 16129 / PRD-1) OX=266117,16.0,MNXR180492,-,6.3.2.2;6.3.2.3,3.0,0.0,0.51033,0.628347,-1,0.569336,52.7,13.3,15.5,22.8,43107.71,6.2072,45.573,Cc1ncc(COP(=O)([O-])OP(=O)([O-])[O-])c(N)n1.[H]O[H]>>Cc1ncc(COP(=O)([O-])[O-])c(N)n1.O=P([O-])([O-])O.[H+],[NH3+][C@@H](CCC(=O)[O-])C(=O)[O-].Nc1ncnc2c1ncn2[C@@H]1O[C@H](COP(=O)([O-])OP(=O)([O-])OP(=O)([O-])[O-])[C@@H](O)[C@H]1O.[NH3+]CC(=O)[O-].NC(CS)C(=O)O>>[NH3+][C@@H](CCC(=O)N[C@@H](CS)C(=O)NCC(=O)[O-])C(=O)[O-].O=P([O-])([O-])O.Nc1ncnc2c1ncn2[C@@H]1O[C@H](COP(=O)([O-])OP(=O)([O-])[O-])[C@@H](O)[C@H]1O.[H+]
136,40.633834,Q82ZG8,Glutathione biosynthesis bifunctional protein GshAB,Enterococcus faecalis (strain ATCC 700802 / V583) OX=226185,16.0,MNXR114298,-,6.3.2.3,3.0,0.0,0.51033,0.628347,1,0.569336,46.6,21.6,15.0,18.9,87212.31,5.0705,48.148,Cc1ncc(COP(=O)([O-])OP(=O)([O-])[O-])c(N)n1.[H]O[H]>>Cc1ncc(COP(=O)([O-])[O-])c(N)n1.O=P([O-])([O-])O.[H+],O=P([O-])([O-])O.Nc1ncnc2c1ncn2[C@@H]1O[C@H](COP(=O)([O-])OP(=O)([O-])[O-])[C@@H](O)[C@H]1O.[H+].CC[C@H](NC(=O)CC[C@H](N)C(=O)O)C(=O)NCC(=O)O>>Nc1ncnc2c1ncn2[C@@H]1O[C@H](COP(=O)([O-])OP(=O)([O-])OP(=O)([O-])[O-])[C@@H](O)[C@H]1O.[NH3+]CC(=O)[O-].CC[C@H](NC(=O)CC[C@H](N)C(=O)O)C(=O)O
137,40.633834,Q88UW5,Glutathione biosynthesis bifunctional protein GshAB,Lactiplantibacillus plantarum (strain ATCC BAA-793 / NCIMB 8826 / WCFS1) OX=220668,16.0,MNXR114298,-,6.3.2.3,3.0,0.0,0.51033,0.628347,1,0.569336,37.4,31.0,14.6,19.2,83017.70,7.1504,43.941,Cc1ncc(COP(=O)([O-])OP(=O)([O-])[O-])c(N)n1.[H]O[H]>>Cc1ncc(COP(=O)([O-])[O-])c(N)n1.O=P([O-])([O-])O.[H+],O=P([O-])([O-])O.Nc1ncnc2c1ncn2[C@@H]1O[C@H](COP(=O)([O-])OP(=O)([O-])[O-])[C@@H](O)[C@H]1O.[H+].CC[C@H](NC(=O)CC[C@H](N)C(=O)O)C(=O)NCC(=O)O>>Nc1ncnc2c1ncn2[C@@H]1O[C@H](COP(=O)([O-])OP(=O)([O-])OP(=O)([O-])[O-])[C@@H](O)[C@H]1O.[NH3+]CC(=O)[O-].CC[C@H](NC(=O)CC[C@H](N)C(=O)O)C(=O)O
138,40.633834,Q5LYY5,Glutathione biosynthesis bifunctional protein GshAB,Streptococcus thermophilus (strain CNRZ 1066) OX=299768,16.0,MNXR114298,-,6.3.2.3,3.0,0.0,0.51033,0.628347,1,0.569336,48.8,16.3,17.1,20.1,85136.60,4.6523,46.419,Cc1ncc(COP(=O)([O-])OP(=O)([O-])[O-])c(N)n1.[H]O[H]>>Cc1ncc(COP(=O)([O-])[O-])c(N)n1.O=P([O-])([O-])O.[H+],O=P([O-])([O-])O.Nc1ncnc2c1ncn2[C@@H]1O[C@H](COP(=O)([O-])OP(=O)([O-])[O-])[C@@H](O)[C@H]1O.[H+].CC[C@H](NC(=O)CC[C@H](N)C(=O)O)C(=O)NCC(=O)O>>Nc1ncnc2c1ncn2[C@@H]1O[C@H](COP(=O)([O-])OP(=O)([O-])OP(=O)([O-])[O-])[C@@H](O)[C@H]1O.[NH3+]CC(=O)[O-].CC[C@H](NC(=O)CC[C@H](N)C(=O)O)C(=O)O
139,40.633834,A0R5N1,Glutamate--cysteine ligase EgtA,Mycolicibacterium smegmatis (strain ATCC 700084 / mc(2)155) OX=246196,16.0,MNXR180492,-,6.3.2.2;6.3.2.3,3.0,0.0,0.51033,0.628347,-1,0.569336,43.5,21.1,17.4,21.9,45157.20,5.1577,38.771,Cc1ncc(COP(=O)([O-])OP(=O)([O-])[O-])c(N)n1.[H]O[H]>>Cc1ncc(COP(=O)([O-])[O-])c(N)n1.O=P([O-])([O-])O.[H+],[NH3+][C@@H](CCC(=O)[O-])C(=O)[O-].Nc1ncnc2c1ncn2[C@@H]1O[C@H](COP(=O)([O-])OP(=O)([O-])OP(=O)([O-])[O-])[C@@H](O)[C@H]1O.[NH3+]CC(=O)[O-].NC(CS)C(=O)O>>[NH3+][C@@H](CCC(=O)N[C@@H](CS)C(=O)NCC(=O)[O-])C(=O)[O-].O=P([O-])([O-])O.Nc1ncnc2c1ncn2[C@@H]1O[C@H](COP(=O)([O-])OP(=O)([O-])[O-])[C@@H](O)[C@H]1O.[H+]
140,40.633834,Q0S8V5,Putative glutamate--cysteine ligase 2-3,Rhodococcus jostii (strain RHA1) OX=101510,16.0,MNXR180492,-,6.3.2.2;6.3.2.3,3.0,0.0,0.51033,0.628347,-1,0.569336,38.0,23.7,16.0,24.5,85751.00,5.0315,43.127,Cc1ncc(COP(=O)([O-])OP(=O)([O-])[O-])c(N)n1.[H]O[H]>>Cc1ncc(COP(=O)([O-])[O-])c(N)n1.O=P([O-])([O-])O.[H+],[NH3+][C@@H](CCC(=O)[O-])C(=O)[O-].Nc1ncnc2c1ncn2[C@@H]1O[C@H](COP(=O)([O-])OP(=O)([O-])OP(=O)([O-])[O-])[C@@H](O)[C@H]1O.[NH3+]CC(=O)[O-].NC(CS)C(=O)O>>[NH3+][C@@H](CCC(=O)N[C@@H](CS)C(=O)NCC(=O)[O-])C(=O)[O-].O=P([O-])([O-])O.Nc1ncnc2c1ncn2[C@@H]1O[C@H](COP(=O)([O-])OP(=O)([O-])[O-])[C@@H](O)[C@H]1O.[H+]
141,40.633834,A3PTZ8,Putative glutamate--cysteine ligase 2-1,Mycobacterium sp. (strain JLS) OX=164757,16.0,MNXR180492,-,6.3.2.2;6.3.2.3,3.0,0.0,0.51033,0.628347,-1,0.569336,41.9,20.6,18.6,23.3,42228.80,4.9624,45.213,Cc1ncc(COP(=O)([O-])OP(=O)([O-])[O-])c(N)n1.[H]O[H]>>Cc1ncc(COP(=O)([O-])[O-])c(N)n1.O=P([O-])([O-])O.[H+],[NH3+][C@@H](CCC(=O)[O-])C(=O)[O-].Nc1ncnc2c1ncn2[C@@H]1O[C@H](COP(=O)([O-])OP(=O)([O-])OP(=O)([O-])[O-])[C@@H](O)[C@H]1O.[NH3+]CC(=O)[O-].NC(CS)C(=O)O>>[NH3+][C@@H](CCC(=O)N[C@@H](CS)C(=O)NCC(=O)[O-])C(=O)[O-].O=P([O-])([O-])O.Nc1ncnc2c1ncn2[C@@H]1O[C@H](COP(=O)([O-])OP(=O)([O-])[O-])[C@@H](O)[C@H]1O.[H+]
142,40.633834,Q8XK30,Glutathione biosynthesis bifunctional protein GshAB,Clostridium perfringens (strain 13 / Type A) OX=195102,16.0,MNXR114298,-,6.3.2.3,3.0,0.0,0.51033,0.628347,1,0.569336,61.8,13.3,12.2,14.8,90463.37,5.0564,51.799,Cc1ncc(COP(=O)([O-])OP(=O)([O-])[O-])c(N)n1.[H]O[H]>>Cc1ncc(COP(=O)([O-])[O-])c(N)n1.O=P([O-])([O-])O.[H+],O=P([O-])([O-])O.Nc1ncnc2c1ncn2[C@@H]1O[C@H](COP(=O)([O-])OP(=O)([O-])[O-])[C@@H](O)[C@H]1O.[H+].CC[C@H](NC(=O)CC[C@H](N)C(=O)O)C(=O)NCC(=O)O>>Nc1ncnc2c1ncn2[C@@H]1O[C@H](COP(=O)([O-])OP(=O)([O-])OP(=O)([O-])[O-])[C@@H](O)[C@H]1O.[NH3+]CC(=O)[O-].CC[C@H](NC(=O)CC[C@H](N)C(=O)O)C(=O)O
143,40.633834,A1ULE3,Putative glutamate--cysteine ligase 2-2,Mycobacterium sp. (strain KMS) OX=189918,16.0,MNXR180492,-,6.3.2.2;6.3.2.3,3.0,0.0,0.51033,0.628347,-1,0.569336,44.5,26.4,13.8,19.8,39448.68,5.2551,40.385,Cc1ncc(COP(=O)([O-])OP(=O)([O-])[O-])c(N)n1.[H]O[H]>>Cc1ncc(COP(=O)([O-])[O-])c(N)n1.O=P([O-])([O-])O.[H+],[NH3+][C@@H](CCC(=O)[O-])C(=O)[O-].Nc1ncnc2c1ncn2[C@@H]1O[C@H](COP(=O)([O-])OP(=O)([O-])OP(=O)([O-])[O-])[C@@H](O)[C@H]1O.[NH3+]CC(=O)[O-].NC(CS)C(=O)O>>[NH3+][C@@H](CCC(=O)N[C@@H](CS)C(=O)NCC(=O)[O-])C(=O)[O-].O=P([O-])([O-])O.Nc1ncnc2c1ncn2[C@@H]1O[C@H](COP(=O)([O-])OP(=O)([O-])[O-])[C@@H](O)[C@H]1O.[H+]
144,40.633834,Q1B017,Putative glutamate--cysteine ligase 2-1,Rubrobacter xylanophilus (strain DSM 9941 / NBRC 16129 / PRD-1) OX=266117,16.0,MNXR180492,-,6.3.2.2;6.3.2.3,3.0,0.0,0.51033,0.628347,-1,0.569336,52.8,11.1,17.2,23.3,42005.48,4.7398,43.883,Cc1ncc(COP(=O)([O-])OP(=O)([O-])[O-])c(N)n1.[H]O[H]>>Cc1ncc(COP(=O)([O-])[O-])c(N)n1.O=P([O-])([O-])O.[H+],[NH3+][C@@H](CCC(=O)[O-])C(=O)[O-].Nc1ncnc2c1ncn2[C@@H]1O[C@H](COP(=O)([O-])OP(=O)([O-])OP(=O)([O-])[O-])[C@@H](O)[C@H]1O.[NH3+]CC(=O)[O-].NC(CS)C(=O)O>>[NH3+][C@@H](CCC(=O)N[C@@H](CS)C(=O)NCC(=O)[O-])C(=O)[O-].O=P([O-])([O-])O.Nc1ncnc2c1ncn2[C@@H]1O[C@H](COP(=O)([O-])OP(=O)([O-])[O-])[C@@H](O)[C@H]1O.[H+]
145,40.633834,Q5M3J8,Glutathione biosynthesis bifunctional protein GshAB,Streptococcus thermophilus (strain ATCC BAA-250 / LMG 18311) OX=264199,16.0,MNXR114298,MNXR180492_0.5103251637201857_0.628346676194679,6.3.2.3,3.0,0.0,0.51033,0.628347,1,0.569336,48.8,16.4,16.9,20.1,85166.63,4.6523,46.552,Cc1ncc(COP(=O)([O-])OP(=O)([O-])[O-])c(N)n1.[H]O[H]>>Cc1ncc(COP(=O)([O-])[O-])c(N)n1.O=P([O-])([O-])O.[H+],O=P([O-])([O-])O.Nc1ncnc2c1ncn2[C@@H]1O[C@H](COP(=O)([O-])OP(=O)([O-])[O-])[C@@H](O)[C@H]1O.[H+].CC[C@H](NC(=O)CC[C@H](N)C(=O)O)C(=O)NCC(=O)O>>Nc1ncnc2c1ncn2[C@@H]1O[C@H](COP(=O)([O-])OP(=O)([O-])OP(=O)([O-])[O-])[C@@H](O)[C@H]1O.[NH3+]CC(=O)[O-].CC[C@H](NC(=O)CC[C@H](N)C(=O)O)C(=O)O
146,40.633834,A0R3T8,Putative glutamate--cysteine ligase 2-3,Mycolicibacterium smegmatis (strain ATCC 700084 / mc(2)155) OX=246196,16.0,MNXR180492,-,6.3.2.2;6.3.2.3,3.0,0.0,0.51033,0.628347,-1,0.569336,57.3,16.3,14.6,16.3,39966.28,5.1777,43.288,Cc1ncc(COP(=O)([O-])OP(=O)([O-])[O-])c(N)n1.[H]O[H]>>Cc1ncc(COP(=O)([O-])[O-])c(N)n1.O=P([O-])([O-])O.[H+],[NH3+][C@@H](CCC(=O)[O-])C(=O)[O-].Nc1ncnc2c1ncn2[C@@H]1O[C@H](COP(=O)([O-])OP(=O)([O-])OP(=O)([O-])[O-])[C@@H](O)[C@H]1O.[NH3+]CC(=O)[O-].NC(CS)C(=O)O>>[NH3+][C@@H](CCC(=O)N[C@@H](CS)C(=O)NCC(=O)[O-])C(=O)[O-].O=P([O-])([O-])O.Nc1ncnc2c1ncn2[C@@H]1O[C@H](COP(=O)([O-])OP(=O)([O-])[O-])[C@@H](O)[C@H]1O.[H+]
147,39.833834,Q8DXM9,Glutathione biosynthesis bifunctional protein GshAB,Streptococcus agalactiae serotype V (strain ATCC BAA-611 / 2603 V/R) OX=208435,17.0,MNXR114298,-,6.3.2.3,1.0,0.0,0.51033,0.628347,1,0.569336,40.7,21.5,20.6,19.3,85603.32,5.0417,48.133,Cc1ncc(COP(=O)([O-])OP(=O)([O-])[O-])c(N)n1.[H]O[H]>>Cc1ncc(COP(=O)([O-])[O-])c(N)n1.O=P([O-])([O-])O.[H+],O=P([O-])([O-])O.Nc1ncnc2c1ncn2[C@@H]1O[C@H](COP(=O)([O-])OP(=O)([O-])[O-])[C@@H](O)[C@H]1O.[H+].CC[C@H](NC(=O)CC[C@H](N)C(=O)O)C(=O)NCC(=O)O>>Nc1ncnc2c1ncn2[C@@H]1O[C@H](COP(=O)([O-])OP(=O)([O-])OP(=O)([O-])[O-])[C@@H](O)[C@H]1O.[NH3+]CC(=O)[O-].CC[C@H](NC(=O)CC[C@H](N)C(=O)O)C(=O)O
148,39.833834,P9WPK7,Glutamate--cysteine ligase EgtA,Mycobacterium tuberculosis (strain ATCC 25618 / H37Rv) OX=83332,17.0,MNXR180492,-,6.3.2.2;6.3.2.3,1.0,0.0,0.51033,0.628347,-1,0.569336,39.2,26.7,14.9,23.1,45795.16,4.5438,35.880,Cc1ncc(COP(=O)([O-])OP(=O)([O-])[O-])c(N)n1.[H]O[H]>>Cc1ncc(COP(=O)([O-])[O-])c(N)n1.O=P([O-])([O-])O.[H+],[NH3+][C@@H](CCC(=O)[O-])C(=O)[O-].Nc1ncnc2c1ncn2[C@@H]1O[C@H](COP(=O)([O-])OP(=O)([O-])OP(=O)([O-])[O-])[C@@H](O)[C@H]1O.[NH3+]CC(=O)[O-].NC(CS)C(=O)O>>[NH3+][C@@H](CCC(=O)N[C@@H](CS)C(=O)NCC(=O)[O-])C(=O)[O-].O=P([O-])([O-])O.Nc1ncnc2c1ncn2[C@@H]1O[C@H](COP(=O)([O-])OP(=O)([O-])[O-])[C@@H](O)[C@H]1O.[H+]
149,39.633834,A5UWI8,Putative glutamate--cysteine ligase 2,Roseiflexus sp. (strain RS-1) OX=357808,17.0,MNXR180492,-,6.3.2.2;6.3.2.3,3.0,0.0,0.51033,0.628347,-1,0.569336,48.5,19.0,15.7,21.2,43186.60,5.9758,43.799,Cc1ncc(COP(=O)([O-])OP(=O)([O-])[O-])c(N)n1.[H]O[H]>>Cc1ncc(COP(=O)([O-])[O-])c(N)n1.O=P([O-])([O-])O.[H+],[NH3+][C@@H](CCC(=O)[O-])C(=O)[O-].Nc1ncnc2c1ncn2[C@@H]1O[C@H](COP(=O)([O-])OP(=O)([O-])OP(=O)([O-])[O-])[C@@H](O)[C@H]1O.[NH3+]CC(=O)[O-].NC(CS)C(=O)O>>[NH3+][C@@H](CCC(=O)N[C@@H](CS)C(=O)NCC(=O)[O-])C(=O)[O-].O=P([O-])([O-])O.Nc1ncnc2c1ncn2[C@@H]1O[C@H](COP(=O)([O-])OP(=O)([O-])[O-])[C@@H](O)[C@H]1O.[H+]
150,39.633834,Q7U3W8,Glutathione synthetase,Parasynechococcus marenigrum (strain WH8102) OX=84588,17.0,MNXR114298,-,6.3.2.3,3.0,0.0,0.51033,0.628347,1,0.569336,48.8,20.3,10.7,25.8,33470.55,4.6729,39.414,Cc1ncc(COP(=O)([O-])OP(=O)([O-])[O-])c(N)n1.[H]O[H]>>Cc1ncc(COP(=O)([O-])[O-])c(N)n1.O=P([O-])([O-])O.[H+],O=P([O-])([O-])O.Nc1ncnc2c1ncn2[C@@H]1O[C@H](COP(=O)([O-])OP(=O)([O-])[O-])[C@@H](O)[C@H]1O.[H+].CC[C@H](NC(=O)CC[C@H](N)C(=O)O)C(=O)NCC(=O)O>>Nc1ncnc2c1ncn2[C@@H]1O[C@H](COP(=O)([O-])OP(=O)([O-])OP(=O)([O-])[O-])[C@@H](O)[C@H]1O.[NH3+]CC(=O)[O-].CC[C@H](NC(=O)CC[C@H](N)C(=O)O)C(=O)O
151,39.633834,Q7TUK9,Glutathione synthetase,Prochlorococcus marinus (strain MIT 9313) OX=74547,17.0,MNXR114298,-,6.3.2.3,3.0,0.0,0.51033,0.628347,1,0.569336,45.2,26.0,13.7,20.5,33315.65,4.6944,37.338,Cc1ncc(COP(=O)([O-])OP(=O)([O-])[O-])c(N)n1.[H]O[H]>>Cc1ncc(COP(=O)([O-])[O-])c(N)n1.O=P([O-])([O-])O.[H+],O=P([O-])([O-])O.Nc1ncnc2c1ncn2[C@@H]1O[C@H](COP(=O)([O-])OP(=O)([O-])[O-])[C@@H](O)[C@H]1O.[H+].CC[C@H](NC(=O)CC[C@H](N)C(=O)O)C(=O)NCC(=O)O>>Nc1ncnc2c1ncn2[C@@H]1O[C@H](COP(=O)([O-])OP(=O)([O-])OP(=O)([O-])[O-])[C@@H](O)[C@H]1O.[NH3+]CC(=O)[O-].CC[C@H](NC(=O)CC[C@H](N)C(=O)O)C(=O)O
152,39.633834,Q71VZ1,Glutathione biosynthesis bifunctional protein GshAB,Listeria monocytogenes serotype 4b (strain F2365) OX=265669,17.0,MNXR114298,-,6.3.2.3,3.0,0.0,0.51033,0.628347,1,0.569336,53.0,15.0,13.9,20.2,87751.45,4.7071,50.455,Cc1ncc(COP(=O)([O-])OP(=O)([O-])[O-])c(N)n1.[H]O[H]>>Cc1ncc(COP(=O)([O-])[O-])c(N)n1.O=P([O-])([O-])O.[H+],O=P([O-])([O-])O.Nc1ncnc2c1ncn2[C@@H]1O[C@H](COP(=O)([O-])OP(=O)([O-])[O-])[C@@H](O)[C@H]1O.[H+].CC[C@H](NC(=O)CC[C@H](N)C(=O)O)C(=O)NCC(=O)O>>Nc1ncnc2c1ncn2[C@@H]1O[C@H](COP(=O)([O-])OP(=O)([O-])OP(=O)([O-])[O-])[C@@H](O)[C@H]1O.[NH3+]CC(=O)[O-].CC[C@H](NC(=O)CC[C@H](N)C(=O)O)C(=O)O
153,39.633834,Q7NF44,Glutathione synthetase,Gloeobacter violaceus (strain ATCC 29082 / PCC 7421) OX=251221,17.0,MNXR114298,-,6.3.2.3,3.0,0.0,0.51033,0.628347,1,0.569336,34.4,36.4,15.6,18.8,35906.11,6.4401,41.975,Cc1ncc(COP(=O)([O-])OP(=O)([O-])[O-])c(N)n1.[H]O[H]>>Cc1ncc(COP(=O)([O-])[O-])c(N)n1.O=P([O-])([O-])O.[H+],O=P([O-])([O-])O.Nc1ncnc2c1ncn2[C@@H]1O[C@H](COP(=O)([O-])OP(=O)([O-])[O-])[C@@H](O)[C@H]1O.[H+].CC[C@H](NC(=O)CC[C@H](N)C(=O)O)C(=O)NCC(=O)O>>Nc1ncnc2c1ncn2[C@@H]1O[C@H](COP(=O)([O-])OP(=O)([O-])OP(=O)([O-])[O-])[C@@H](O)[C@H]1O.[NH3+]CC(=O)[O-].CC[C@H](NC(=O)CC[C@H](N)C(=O)O)C(=O)O
154,39.633834,Q8DKF1,Glutathione synthetase,Thermosynechococcus vestitus (strain NIES-2133 / IAM M-273 / BP-1) OX=197221,17.0,MNXR114298,-,6.3.2.3,3.0,0.0,0.51033,0.628347,1,0.569336,23.8,39.4,14.6,27.5,35063.40,5.1876,39.937,Cc1ncc(COP(=O)([O-])OP(=O)([O-])[O-])c(N)n1.[H]O[H]>>Cc1ncc(COP(=O)([O-])[O-])c(N)n1.O=P([O-])([O-])O.[H+],O=P([O-])([O-])O.Nc1ncnc2c1ncn2[C@@H]1O[C@H](COP(=O)([O-])OP(=O)([O-])[O-])[C@@H](O)[C@H]1O.[H+].CC[C@H](NC(=O)CC[C@H](N)C(=O)O)C(=O)NCC(=O)O>>Nc1ncnc2c1ncn2[C@@H]1O[C@H](COP(=O)([O-])OP(=O)([O-])OP(=O)([O-])[O-])[C@@H](O)[C@H]1O.[NH3+]CC(=O)[O-].CC[C@H](NC(=O)CC[C@H](N)C(=O)O)C(=O)O
155,39.633834,O32463,Glutathione synthetase,Synechococcus elongatus (strain ATCC 33912 / PCC 7942 / FACHB-805) OX=1140,17.0,MNXR114298,MNXR180492_0.5103251637201857_0.628346676194679,6.3.2.3,3.0,0.0,0.51033,0.628347,1,0.569336,35.8,31.3,13.4,24.8,35417.71,5.7388,40.867,Cc1ncc(COP(=O)([O-])OP(=O)([O-])[O-])c(N)n1.[H]O[H]>>Cc1ncc(COP(=O)([O-])[O-])c(N)n1.O=P([O-])([O-])O.[H+],O=P([O-])([O-])O.Nc1ncnc2c1ncn2[C@@H]1O[C@H](COP(=O)([O-])OP(=O)([O-])[O-])[C@@H](O)[C@H]1O.[H+].CC[C@H](NC(=O)CC[C@H](N)C(=O)O)C(=O)NCC(=O)O>>Nc1ncnc2c1ncn2[C@@H]1O[C@H](COP(=O)([O-])OP(=O)([O-])OP(=O)([O-])[O-])[C@@H](O)[C@H]1O.[NH3+]CC(=O)[O-].CC[C@H](NC(=O)CC[C@H](N)C(=O)O)C(=O)O
156,39.633834,P45480,Glutathione synthetase,Nostoc sp. (strain PCC 7120 / SAG 25.82 / UTEX 2576) OX=103690,17.0,MNXR114298,MNXR180492_0.5103251637201857_0.628346676194679,6.3.2.3,3.0,0.0,0.51033,0.628347,1,0.569336,30.8,32.8,13.6,27.9,35953.10,4.8253,44.136,Cc1ncc(COP(=O)([O-])OP(=O)([O-])[O-])c(N)n1.[H]O[H]>>Cc1ncc(COP(=O)([O-])[O-])c(N)n1.O=P([O-])([O-])O.[H+],O=P([O-])([O-])O.Nc1ncnc2c1ncn2[C@@H]1O[C@H](COP(=O)([O-])OP(=O)([O-])[O-])[C@@H](O)[C@H]1O.[H+].CC[C@H](NC(=O)CC[C@H](N)C(=O)O)C(=O)NCC(=O)O>>Nc1ncnc2c1ncn2[C@@H]1O[C@H](COP(=O)([O-])OP(=O)([O-])OP(=O)([O-])[O-])[C@@H](O)[C@H]1O.[NH3+]CC(=O)[O-].CC[C@H](NC(=O)CC[C@H](N)C(=O)O)C(=O)O
157,39.633834,Q8E399,Glutathione biosynthesis bifunctional protein GshAB,Streptococcus agalactiae serotype III (strain NEM316) OX=211110,17.0,MNXR114298,MNXR180492_0.5103251637201857_0.628346676194679,6.3.2.3,3.0,0.0,0.51033,0.628347,1,0.569336,40.7,21.5,20.6,19.3,85603.32,5.0417,48.133,Cc1ncc(COP(=O)([O-])OP(=O)([O-])[O-])c(N)n1.[H]O[H]>>Cc1ncc(COP(=O)([O-])[O-])c(N)n1.O=P([O-])([O-])O.[H+],O=P([O-])([O-])O.Nc1ncnc2c1ncn2[C@@H]1O[C@H](COP(=O)([O-])OP(=O)([O-])[O-])[C@@H](O)[C@H]1O.[H+].CC[C@H](NC(=O)CC[C@H](N)C(=O)O)C(=O)NCC(=O)O>>Nc1ncnc2c1ncn2[C@@H]1O[C@H](COP(=O)([O-])OP(=O)([O-])OP(=O)([O-])[O-])[C@@H](O)[C@H]1O.[NH3+]CC(=O)[O-].CC[C@H](NC(=O)CC[C@H](N)C(=O)O)C(=O)O
158,38.833834,D4GZN2,Glutamate--cysteine ligase,Haloferax volcanii (strain ATCC 29605 / DSM 3757 / JCM 8879 / NBRC 14742 / NCIMB 2012 / VKM B-1768 / DS2) OX=309800,18.0,MNXR180492,-,6.3.2.2;6.3.2.3,1.0,0.0,0.51033,0.628347,-1,0.569336,48.8,14.3,18.1,23.4,39906.98,4.3236,47.207,Cc1ncc(COP(=O)([O-])OP(=O)([O-])[O-])c(N)n1.[H]O[H]>>Cc1ncc(COP(=O)([O-])[O-])c(N)n1.O=P([O-])([O-])O.[H+],[NH3+][C@@H](CCC(=O)[O-])C(=O)[O-].Nc1ncnc2c1ncn2[C@@H]1O[C@H](COP(=O)([O-])OP(=O)([O-])OP(=O)([O-])[O-])[C@@H](O)[C@H]1O.[NH3+]CC(=O)[O-].NC(CS)C(=O)O>>[NH3+][C@@H](CCC(=O)N[C@@H](CS)C(=O)NCC(=O)[O-])C(=O)[O-].O=P([O-])([O-])O.Nc1ncnc2c1ncn2[C@@H]1O[C@H](COP(=O)([O-])OP(=O)([O-])[O-])[C@@H](O)[C@H]1O.[H+]
159,38.633834,Q54E83,Glutathione synthetase,Dictyostelium discoideum OX=44689,18.0,MNXR114298,-,6.3.2.3,3.0,0.0,0.51033,0.628347,1,0.569336,53.7,23.0,11.7,15.0,54139.77,5.7054,51.050,Cc1ncc(COP(=O)([O-])OP(=O)([O-])[O-])c(N)n1.[H]O[H]>>Cc1ncc(COP(=O)([O-])[O-])c(N)n1.O=P([O-])([O-])O.[H+],O=P([O-])([O-])O.Nc1ncnc2c1ncn2[C@@H]1O[C@H](COP(=O)([O-])OP(=O)([O-])[O-])[C@@H](O)[C@H]1O.[H+].CC[C@H](NC(=O)CC[C@H](N)C(=O)O)C(=O)NCC(=O)O>>Nc1ncnc2c1ncn2[C@@H]1O[C@H](COP(=O)([O-])OP(=O)([O-])OP(=O)([O-])[O-])[C@@H](O)[C@H]1O.[NH3+]CC(=O)[O-].CC[C@H](NC(=O)CC[C@H](N)C(=O)O)C(=O)O
160,38.633834,P73493,Glutathione synthetase,Synechocystis sp. (strain PCC 6803 / Kazusa) OX=1111708,18.0,MNXR114298,-,6.3.2.3,3.0,0.0,0.51033,0.628347,1,0.569336,42.4,29.9,9.2,23.7,35068.76,5.2343,39.688,Cc1ncc(COP(=O)([O-])OP(=O)([O-])[O-])c(N)n1.[H]O[H]>>Cc1ncc(COP(=O)([O-])[O-])c(N)n1.O=P([O-])([O-])O.[H+],O=P([O-])([O-])O.Nc1ncnc2c1ncn2[C@@H]1O[C@H](COP(=O)([O-])OP(=O)([O-])[O-])[C@@H](O)[C@H]1O.[H+].CC[C@H](NC(=O)CC[C@H](N)C(=O)O)C(=O)NCC(=O)O>>Nc1ncnc2c1ncn2[C@@H]1O[C@H](COP(=O)([O-])OP(=O)([O-])OP(=O)([O-])[O-])[C@@H](O)[C@H]1O.[NH3+]CC(=O)[O-].CC[C@H](NC(=O)CC[C@H](N)C(=O)O)C(=O)O
161,38.633834,Q7TUG9,Glutathione synthetase,Prochlorococcus marinus subsp. pastoris (strain CCMP1986 / NIES-2087 / MED4) OX=59919,18.0,MNXR114298,-,6.3.2.3,3.0,0.0,0.51033,0.628347,1,0.569336,56.4,16.5,16.2,16.5,34253.99,8.7100,45.928,Cc1ncc(COP(=O)([O-])OP(=O)([O-])[O-])c(N)n1.[H]O[H]>>Cc1ncc(COP(=O)([O-])[O-])c(N)n1.O=P([O-])([O-])O.[H+],O=P([O-])([O-])O.Nc1ncnc2c1ncn2[C@@H]1O[C@H](COP(=O)([O-])OP(=O)([O-])[O-])[C@@H](O)[C@H]1O.[H+].CC[C@H](NC(=O)CC[C@H](N)C(=O)O)C(=O)NCC(=O)O>>Nc1ncnc2c1ncn2[C@@H]1O[C@H](COP(=O)([O-])OP(=O)([O-])OP(=O)([O-])[O-])[C@@H](O)[C@H]1O.[NH3+]CC(=O)[O-].CC[C@H](NC(=O)CC[C@H](N)C(=O)O)C(=O)O
162,38.633834,Q7TVB0,Glutathione synthetase,Prochlorococcus marinus (strain SARG / CCMP1375 / SS120) OX=167539,18.0,MNXR114298,-,6.3.2.3,3.0,0.0,0.51033,0.628347,1,0.569336,62.3,18.2,8.2,16.8,33535.21,6.3095,40.584,Cc1ncc(COP(=O)([O-])OP(=O)([O-])[O-])c(N)n1.[H]O[H]>>Cc1ncc(COP(=O)([O-])[O-])c(N)n1.O=P([O-])([O-])O.[H+],O=P([O-])([O-])O.Nc1ncnc2c1ncn2[C@@H]1O[C@H](COP(=O)([O-])OP(=O)([O-])[O-])[C@@H](O)[C@H]1O.[H+].CC[C@H](NC(=O)CC[C@H](N)C(=O)O)C(=O)NCC(=O)O>>Nc1ncnc2c1ncn2[C@@H]1O[C@H](COP(=O)([O-])OP(=O)([O-])OP(=O)([O-])[O-])[C@@H](O)[C@H]1O.[NH3+]CC(=O)[O-].CC[C@H](NC(=O)CC[C@H](N)C(=O)O)C(=O)O
163,36.475434,A5H0J2,Urea amidolyase,Lachancea kluyveri OX=4934,21.0,MNXR105149,-,6.3.4.6,3.0,0.0,0.51033,0.645179,-1,0.577752,33.7,28.8,18.6,19.7,201131.12,5.4168,44.098,Cc1ncc(COP(=O)([O-])OP(=O)([O-])[O-])c(N)n1.[H]O[H]>>Cc1ncc(COP(=O)([O-])[O-])c(N)n1.O=P([O-])([O-])O.[H+],Nc1ncnc2c1ncn2[C@@H]1O[C@H](COP(=O)([O-])OP(=O)([O-])OP(=O)([O-])[O-])[C@@H](O)[C@H]1O.NC(N)=O.O=C([O-])O>>O=P([O-])([O-])O.Nc1ncnc2c1ncn2[C@@H]1O[C@H](COP(=O)([O-])OP(=O)([O-])[O-])[C@@H](O)[C@H]1O.[H+].NC(=O)NC(=O)[O-]
164,35.833834,P35669,Glutathione synthetase large chain,Schizosaccharomyces pombe (strain 972 / ATCC 24843) OX=284812,21.0,MNXR114298,-,6.3.2.3,1.0,0.0,0.51033,0.628347,1,0.569336,37.1,29.3,16.8,20.1,56152.77,6.3664,48.594,Cc1ncc(COP(=O)([O-])OP(=O)([O-])[O-])c(N)n1.[H]O[H]>>Cc1ncc(COP(=O)([O-])[O-])c(N)n1.O=P([O-])([O-])O.[H+],O=P([O-])([O-])O.Nc1ncnc2c1ncn2[C@@H]1O[C@H](COP(=O)([O-])OP(=O)([O-])[O-])[C@@H](O)[C@H]1O.[H+].CC[C@H](NC(=O)CC[C@H](N)C(=O)O)C(=O)NCC(=O)O>>Nc1ncnc2c1ncn2[C@@H]1O[C@H](COP(=O)([O-])OP(=O)([O-])OP(=O)([O-])[O-])[C@@H](O)[C@H]1O.[NH3+]CC(=O)[O-].CC[C@H](NC(=O)CC[C@H](N)C(=O)O)C(=O)O
165,35.675434,P32528,Urea amidolyase,Saccharomyces cerevisiae (strain ATCC 204508 / S288c) OX=559292,22.0,MNXR105149,-,6.3.4.6,1.0,0.0,0.51033,0.645179,-1,0.577752,30.0,31.0,20.4,19.5,201832.11,5.2958,44.632,Cc1ncc(COP(=O)([O-])OP(=O)([O-])[O-])c(N)n1.[H]O[H]>>Cc1ncc(COP(=O)([O-])[O-])c(N)n1.O=P([O-])([O-])O.[H+],Nc1ncnc2c1ncn2[C@@H]1O[C@H](COP(=O)([O-])OP(=O)([O-])OP(=O)([O-])[O-])[C@@H](O)[C@H]1O.NC(N)=O.O=C([O-])O>>O=P([O-])([O-])O.Nc1ncnc2c1ncn2[C@@H]1O[C@H](COP(=O)([O-])OP(=O)([O-])[O-])[C@@H](O)[C@H]1O.[H+].NC(=O)NC(=O)[O-]
166,34.833834,Q08220,Glutathione synthetase GSH2,Saccharomyces cerevisiae (strain ATCC 204508 / S288c) OX=559292,22.0,MNXR114298,-,6.3.2.3,1.0,0.0,0.51033,0.628347,1,0.569336,41.9,23.8,19.6,18.1,55815.23,5.3159,50.916,Cc1ncc(COP(=O)([O-])OP(=O)([O-])[O-])c(N)n1.[H]O[H]>>Cc1ncc(COP(=O)([O-])[O-])c(N)n1.O=P([O-])([O-])O.[H+],O=P([O-])([O-])O.Nc1ncnc2c1ncn2[C@@H]1O[C@H](COP(=O)([O-])OP(=O)([O-])[O-])[C@@H](O)[C@H]1O.[H+].CC[C@H](NC(=O)CC[C@H](N)C(=O)O)C(=O)NCC(=O)O>>Nc1ncnc2c1ncn2[C@@H]1O[C@H](COP(=O)([O-])OP(=O)([O-])OP(=O)([O-])[O-])[C@@H](O)[C@H]1O.[NH3+]CC(=O)[O-].CC[C@H](NC(=O)CC[C@H](N)C(=O)O)C(=O)O
167,34.058536,Q94AF2,ATP-dependent (S)-NAD(P)H-hydrate dehydratase,Arabidopsis thaliana OX=3702,29.0,MNXR113625,MNXR113626_0.5206196934885686_0.7425507295612764,4.2.1.-;4.2.1.136,1.0,0.0,0.52062,0.742551,-1,0.631585,40.4,33.0,15.2,16.0,39269.25,7.0433,44.932,Cc1ncc(COP(=O)([O-])OP(=O)([O-])[O-])c(N)n1.[H]O[H]>>Cc1ncc(COP(=O)([O-])[O-])c(N)n1.O=P([O-])([O-])O.[H+],Nc1ncnc2c1ncn2[C@@H]1O[C@H](COP(=O)([O-])OP(=O)([O-])[O-])[C@@H](O)[C@H]1O.NC(=O)C1=CN([C@@H]2O[C@H](COP(=O)([O-])OP(=O)([O-])OC[C@H]3O[C@@H](n4cnc5c(N)ncnc54)[C@H](O)[C@@H]3O)[C@@H](O)[C@H]2O)[C@@H](O)CC1>>O=P([O-])([O-])O.[H+].NC(=O)C1=CN([C@@H]2O[C@H](COP(=O)([O-])OP(=O)([O-])OC[C@H]3O[C@@H](n4cnc5c(N)ncnc54)[C@H](O)[C@@H]3O)[C@@H](O)[C@H]2O)C=CC1.Nc1ncnc2c1ncn2[C@@H]1O[C@H](COP(=O)([O-])[O-])[C@@H](O)[C@H]1O
168,32.575434,P38095,Putative urea carboxylase,Emericella nidulans (strain FGSC A4 / ATCC 38163 / CBS 112.46 / NRRL 194 / M139) OX=227321,25.0,MNXR105149,-,6.3.4.6,2.0,0.0,0.51033,0.645179,-1,0.577752,38.1,24.8,16.8,21.6,135753.12,5.3490,42.143,Cc1ncc(COP(=O)([O-])OP(=O)([O-])[O-])c(N)n1.[H]O[H]>>Cc1ncc(COP(=O)([O-])[O-])c(N)n1.O=P([O-])([O-])O.[H+],Nc1ncnc2c1ncn2[C@@H]1O[C@H](COP(=O)([O-])OP(=O)([O-])OP(=O)([O-])[O-])[C@@H](O)[C@H]1O.NC(N)=O.O=C([O-])O>>O=P([O-])([O-])O.Nc1ncnc2c1ncn2[C@@H]1O[C@H](COP(=O)([O-])OP(=O)([O-])[O-])[C@@H](O)[C@H]1O.[H+].NC(=O)NC(=O)[O-]
169,27.833834,P46309,Glutamate--cysteine ligase; chloroplastic,Arabidopsis thaliana OX=3702,29.0,MNXR180492,-,6.3.2.2;6.3.2.3,1.0,0.0,0.51033,0.628347,-1,0.569336,40.9,22.3,20.2,19.8,58562.34,6.5270,43.295,Cc1ncc(COP(=O)([O-])OP(=O)([O-])[O-])c(N)n1.[H]O[H]>>Cc1ncc(COP(=O)([O-])[O-])c(N)n1.O=P([O-])([O-])O.[H+],[NH3+][C@@H](CCC(=O)[O-])C(=O)[O-].Nc1ncnc2c1ncn2[C@@H]1O[C@H](COP(=O)([O-])OP(=O)([O-])OP(=O)([O-])[O-])[C@@H](O)[C@H]1O.[NH3+]CC(=O)[O-].NC(CS)C(=O)O>>[NH3+][C@@H](CCC(=O)N[C@@H](CS)C(=O)NCC(=O)[O-])C(=O)[O-].O=P([O-])([O-])O.Nc1ncnc2c1ncn2[C@@H]1O[C@H](COP(=O)([O-])OP(=O)([O-])[O-])[C@@H](O)[C@H]1O.[H+]
170,27.733834,O23732,Glutathione synthetase; chloroplastic,Brassica juncea OX=3707,29.0,MNXR114298,-,6.3.2.3,2.0,0.0,0.51033,0.628347,1,0.569336,38.7,23.9,19.8,20.6,59741.12,7.0661,48.491,Cc1ncc(COP(=O)([O-])OP(=O)([O-])[O-])c(N)n1.[H]O[H]>>Cc1ncc(COP(=O)([O-])[O-])c(N)n1.O=P([O-])([O-])O.[H+],O=P([O-])([O-])O.Nc1ncnc2c1ncn2[C@@H]1O[C@H](COP(=O)([O-])OP(=O)([O-])[O-])[C@@H](O)[C@H]1O.[H+].CC[C@H](NC(=O)CC[C@H](N)C(=O)O)C(=O)NCC(=O)O>>Nc1ncnc2c1ncn2[C@@H]1O[C@H](COP(=O)([O-])OP(=O)([O-])OP(=O)([O-])[O-])[C@@H](O)[C@H]1O.[NH3+]CC(=O)[O-].CC[C@H](NC(=O)CC[C@H](N)C(=O)O)C(=O)O
171,27.733834,P46416,Glutathione synthetase; chloroplastic,Arabidopsis thaliana OX=3702,29.0,MNXR114298,-,6.3.2.3,2.0,0.0,0.51033,0.628347,1,0.569336,43.4,24.5,19.1,16.1,60270.71,6.4493,48.609,Cc1ncc(COP(=O)([O-])OP(=O)([O-])[O-])c(N)n1.[H]O[H]>>Cc1ncc(COP(=O)([O-])[O-])c(N)n1.O=P([O-])([O-])O.[H+],O=P([O-])([O-])O.Nc1ncnc2c1ncn2[C@@H]1O[C@H](COP(=O)([O-])OP(=O)([O-])[O-])[C@@H](O)[C@H]1O.[H+].CC[C@H](NC(=O)CC[C@H](N)C(=O)O)C(=O)NCC(=O)O>>Nc1ncnc2c1ncn2[C@@H]1O[C@H](COP(=O)([O-])OP(=O)([O-])OP(=O)([O-])[O-])[C@@H](O)[C@H]1O.[NH3+]CC(=O)[O-].CC[C@H](NC(=O)CC[C@H](N)C(=O)O)C(=O)O
172,25.733834,O22494,Glutathione synthetase; chloroplastic,Solanum lycopersicum OX=4081,31.0,MNXR114298,-,6.3.2.3,2.0,0.0,0.51033,0.628347,1,0.569336,46.2,19.6,16.6,20.6,61173.77,6.1714,48.535,Cc1ncc(COP(=O)([O-])OP(=O)([O-])[O-])c(N)n1.[H]O[H]>>Cc1ncc(COP(=O)([O-])[O-])c(N)n1.O=P([O-])([O-])O.[H+],O=P([O-])([O-])O.Nc1ncnc2c1ncn2[C@@H]1O[C@H](COP(=O)([O-])OP(=O)([O-])[O-])[C@@H](O)[C@H]1O.[H+].CC[C@H](NC(=O)CC[C@H](N)C(=O)O)C(=O)NCC(=O)O>>Nc1ncnc2c1ncn2[C@@H]1O[C@H](COP(=O)([O-])OP(=O)([O-])OP(=O)([O-])[O-])[C@@H](O)[C@H]1O.[NH3+]CC(=O)[O-].CC[C@H](NC(=O)CC[C@H](N)C(=O)O)C(=O)O
173,25.633834,Q6Z3A3,Glutamate--cysteine ligase B; chloroplastic,Oryza sativa subsp. japonica OX=39947,31.0,MNXR180492,-,6.3.2.2;6.3.2.3,3.0,0.0,0.51033,0.628347,-1,0.569336,33.5,24.2,19.2,26.5,56153.27,7.0286,43.952,Cc1ncc(COP(=O)([O-])OP(=O)([O-])[O-])c(N)n1.[H]O[H]>>Cc1ncc(COP(=O)([O-])[O-])c(N)n1.O=P([O-])([O-])O.[H+],[NH3+][C@@H](CCC(=O)[O-])C(=O)[O-].Nc1ncnc2c1ncn2[C@@H]1O[C@H](COP(=O)([O-])OP(=O)([O-])OP(=O)([O-])[O-])[C@@H](O)[C@H]1O.[NH3+]CC(=O)[O-].NC(CS)C(=O)O>>[NH3+][C@@H](CCC(=O)N[C@@H](CS)C(=O)NCC(=O)[O-])C(=O)[O-].O=P([O-])([O-])O.Nc1ncnc2c1ncn2[C@@H]1O[C@H](COP(=O)([O-])OP(=O)([O-])[O-])[C@@H](O)[C@H]1O.[H+]
174,23.733834,P35668,Glutathione synthetase,Xenopus laevis OX=8355,33.0,MNXR114298,-,6.3.2.3,2.0,0.0,0.51033,0.628347,1,0.569336,40.6,22.9,18.1,21.8,53583.91,4.7316,47.046,Cc1ncc(COP(=O)([O-])OP(=O)([O-])[O-])c(N)n1.[H]O[H]>>Cc1ncc(COP(=O)([O-])[O-])c(N)n1.O=P([O-])([O-])O.[H+],O=P([O-])([O-])O.Nc1ncnc2c1ncn2[C@@H]1O[C@H](COP(=O)([O-])OP(=O)([O-])[O-])[C@@H](O)[C@H]1O.[H+].CC[C@H](NC(=O)CC[C@H](N)C(=O)O)C(=O)NCC(=O)O>>Nc1ncnc2c1ncn2[C@@H]1O[C@H](COP(=O)([O-])OP(=O)([O-])OP(=O)([O-])[O-])[C@@H](O)[C@H]1O.[NH3+]CC(=O)[O-].CC[C@H](NC(=O)CC[C@H](N)C(=O)O)C(=O)O
175,19.733834,Q5EAC2,Glutathione synthetase,Bos taurus OX=9913,37.0,MNXR114298,-,6.3.2.3,2.0,0.0,0.51033,0.628347,1,0.569336,50.4,20.3,12.4,20.3,52065.51,6.4349,44.093,Cc1ncc(COP(=O)([O-])OP(=O)([O-])[O-])c(N)n1.[H]O[H]>>Cc1ncc(COP(=O)([O-])[O-])c(N)n1.O=P([O-])([O-])O.[H+],O=P([O-])([O-])O.Nc1ncnc2c1ncn2[C@@H]1O[C@H](COP(=O)([O-])OP(=O)([O-])[O-])[C@@H](O)[C@H]1O.[H+].CC[C@H](NC(=O)CC[C@H](N)C(=O)O)C(=O)NCC(=O)O>>Nc1ncnc2c1ncn2[C@@H]1O[C@H](COP(=O)([O-])OP(=O)([O-])OP(=O)([O-])[O-])[C@@H](O)[C@H]1O.[NH3+]CC(=O)[O-].CC[C@H](NC(=O)CC[C@H](N)C(=O)O)C(=O)O
176,18.833834,P46413,Glutathione synthetase,Rattus norvegicus OX=10116,38.0,MNXR114298,-,6.3.2.3,1.0,0.0,0.51033,0.628347,1,0.569336,47.6,20.3,12.7,22.9,52344.57,5.3822,45.359,Cc1ncc(COP(=O)([O-])OP(=O)([O-])[O-])c(N)n1.[H]O[H]>>Cc1ncc(COP(=O)([O-])[O-])c(N)n1.O=P([O-])([O-])O.[H+],O=P([O-])([O-])O.Nc1ncnc2c1ncn2[C@@H]1O[C@H](COP(=O)([O-])OP(=O)([O-])[O-])[C@@H](O)[C@H]1O.[H+].CC[C@H](NC(=O)CC[C@H](N)C(=O)O)C(=O)NCC(=O)O>>Nc1ncnc2c1ncn2[C@@H]1O[C@H](COP(=O)([O-])OP(=O)([O-])OP(=O)([O-])[O-])[C@@H](O)[C@H]1O.[NH3+]CC(=O)[O-].CC[C@H](NC(=O)CC[C@H](N)C(=O)O)C(=O)O
177,17.833834,P48637,Glutathione synthetase,Homo sapiens OX=9606,39.0,MNXR114298,-,6.3.2.3,1.0,0.0,0.51033,0.628347,1,0.569336,49.3,19.7,12.4,22.1,52384.83,5.7331,45.148,Cc1ncc(COP(=O)([O-])OP(=O)([O-])[O-])c(N)n1.[H]O[H]>>Cc1ncc(COP(=O)([O-])[O-])c(N)n1.O=P([O-])([O-])O.[H+],O=P([O-])([O-])O.Nc1ncnc2c1ncn2[C@@H]1O[C@H](COP(=O)([O-])OP(=O)([O-])[O-])[C@@H](O)[C@H]1O.[H+].CC[C@H](NC(=O)CC[C@H](N)C(=O)O)C(=O)NCC(=O)O>>Nc1ncnc2c1ncn2[C@@H]1O[C@H](COP(=O)([O-])OP(=O)([O-])OP(=O)([O-])[O-])[C@@H](O)[C@H]1O.[NH3+]CC(=O)[O-].CC[C@H](NC(=O)CC[C@H](N)C(=O)O)C(=O)O
178,17.833834,P51855,Glutathione synthetase,Mus musculus OX=10090,39.0,MNXR114298,-,6.3.2.3,1.0,0.0,0.51033,0.628347,1,0.569336,47.2,20.1,14.6,21.6,52246.56,5.5385,44.726,Cc1ncc(COP(=O)([O-])OP(=O)([O-])[O-])c(N)n1.[H]O[H]>>Cc1ncc(COP(=O)([O-])[O-])c(N)n1.O=P([O-])([O-])O.[H+],O=P([O-])([O-])O.Nc1ncnc2c1ncn2[C@@H]1O[C@H](COP(=O)([O-])OP(=O)([O-])[O-])[C@@H](O)[C@H]1O.[H+].CC[C@H](NC(=O)CC[C@H](N)C(=O)O)C(=O)NCC(=O)O>>Nc1ncnc2c1ncn2[C@@H]1O[C@H](COP(=O)([O-])OP(=O)([O-])OP(=O)([O-])[O-])[C@@H](O)[C@H]1O.[NH3+]CC(=O)[O-].CC[C@H](NC(=O)CC[C@H](N)C(=O)O)C(=O)O
179,17.733834,Q8HXX5,Glutathione synthetase,Macaca fascicularis OX=9541,39.0,MNXR114298,-,6.3.2.3,2.0,0.0,0.51033,0.628347,1,0.569336,50.0,19.2,12.0,22.3,52412.78,5.3848,45.570,Cc1ncc(COP(=O)([O-])OP(=O)([O-])[O-])c(N)n1.[H]O[H]>>Cc1ncc(COP(=O)([O-])[O-])c(N)n1.O=P([O-])([O-])O.[H+],O=P([O-])([O-])O.Nc1ncnc2c1ncn2[C@@H]1O[C@H](COP(=O)([O-])OP(=O)([O-])[O-])[C@@H](O)[C@H]1O.[H+].CC[C@H](NC(=O)CC[C@H](N)C(=O)O)C(=O)NCC(=O)O>>Nc1ncnc2c1ncn2[C@@H]1O[C@H](COP(=O)([O-])OP(=O)([O-])OP(=O)([O-])[O-])[C@@H](O)[C@H]1O.[NH3+]CC(=O)[O-].CC[C@H](NC(=O)CC[C@H](N)C(=O)O)C(=O)O
180,NaN,A0A3L6F337,NaN,Zea mays,31.0,MNXR113625,MNXR113626_0.5206196934885686_0.7425507295612764,4.2.1.-;4.2.1.136,NaN,0.0,0.52062,0.742551,-1,0.631585,-,-,-,-,-,-,-,Cc1ncc(COP(=O)([O-])OP(=O)([O-])[O-])c(N)n1.[H]O[H]>>Cc1ncc(COP(=O)([O-])[O-])c(N)n1.O=P([O-])([O-])O.[H+],Nc1ncnc2c1ncn2[C@@H]1O[C@H](COP(=O)([O-])OP(=O)([O-])[O-])[C@@H](O)[C@H]1O.NC(=O)C1=CN([C@@H]2O[C@H](COP(=O)([O-])OP(=O)([O-])OC[C@H]3O[C@@H](n4cnc5c(N)ncnc54)[C@H](O)[C@@H]3O)[C@@H](O)[C@H]2O)[C@@H](O)CC1>>O=P([O-])([O-])O.[H+].NC(=O)C1=CN([C@@H]2O[C@H](COP(=O)([O-])OP(=O)([O-])OC[C@H]3O[C@@H](n4cnc5c(N)ncnc54)[C@H](O)[C@@H]3O)[C@@H](O)[C@H]2O)C=CC1.Nc1ncnc2c1ncn2[C@@H]1O[C@H](COP(=O)([O-])[O-])[C@@H](O)[C@H]1O
181,NaN,Q6CP22,NaN,Kluyveromyces lactis,21.0,MNXR105149,-,6.3.4.6,NaN,0.0,0.51033,0.645179,-1,0.577752,-,-,-,-,-,-,-,Cc1ncc(COP(=O)([O-])OP(=O)([O-])[O-])c(N)n1.[H]O[H]>>Cc1ncc(COP(=O)([O-])[O-])c(N)n1.O=P([O-])([O-])O.[H+],Nc1ncnc2c1ncn2[C@@H]1O[C@H](COP(=O)([O-])OP(=O)([O-])OP(=O)([O-])[O-])[C@@H](O)[C@H]1O.NC(N)=O.O=C([O-])O>>O=P([O-])([O-])O.Nc1ncnc2c1ncn2[C@@H]1O[C@H](COP(=O)([O-])OP(=O)([O-])[O-])[C@@H](O)[C@H]1O.[H+].NC(=O)NC(=O)[O-]
182,NaN,Q75RY4,NaN,NaN,inf,MNXR105149,-,6.3.4.6,NaN,0.0,0.51033,0.645179,-1,0.577752,-,-,-,-,-,-,-,Cc1ncc(COP(=O)([O-])OP(=O)([O-])[O-])c(N)n1.[H]O[H]>>Cc1ncc(COP(=O)([O-])[O-])c(N)n1.O=P([O-])([O-])O.[H+],Nc1ncnc2c1ncn2[C@@H]1O[C@H](COP(=O)([O-])OP(=O)([O-])OP(=O)([O-])[O-])[C@@H](O)[C@H]1O.NC(N)=O.O=C([O-])O>>O=P([O-])([O-])O.Nc1ncnc2c1ncn2[C@@H]1O[C@H](COP(=O)([O-])OP(=O)([O-])[O-])[C@@H](O)[C@H]1O.[H+].NC(=O)NC(=O)[O-]
183,NaN,D4N892,NaN,Actinobacillus pleuropneumoniae,10.0,MNXR114298,-,6.3.2.3,NaN,0.0,0.51033,0.628347,1,0.569336,-,-,-,-,-,-,-,Cc1ncc(COP(=O)([O-])OP(=O)([O-])[O-])c(N)n1.[H]O[H]>>Cc1ncc(COP(=O)([O-])[O-])c(N)n1.O=P([O-])([O-])O.[H+],O=P([O-])([O-])O.Nc1ncnc2c1ncn2[C@@H]1O[C@H](COP(=O)([O-])OP(=O)([O-])[O-])[C@@H](O)[C@H]1O.[H+].CC[C@H](NC(=O)CC[C@H](N)C(=O)O)C(=O)NCC(=O)O>>Nc1ncnc2c1ncn2[C@@H]1O[C@H](COP(=O)([O-])OP(=O)([O-])OP(=O)([O-])[O-])[C@@H](O)[C@H]1O.[NH3+]CC(=O)[O-].CC[C@H](NC(=O)CC[C@H](N)C(=O)O)C(=O)O
184,NaN,Q3IFA2,NaN,Pseudoalteromonas haloplanktis,10.0,MNXR114298,-,6.3.2.3,NaN,0.0,0.51033,0.628347,1,0.569336,-,-,-,-,-,-,-,Cc1ncc(COP(=O)([O-])OP(=O)([O-])[O-])c(N)n1.[H]O[H]>>Cc1ncc(COP(=O)([O-])[O-])c(N)n1.O=P([O-])([O-])O.[H+],O=P([O-])([O-])O.Nc1ncnc2c1ncn2[C@@H]1O[C@H](COP(=O)([O-])OP(=O)([O-])[O-])[C@@H](O)[C@H]1O.[H+].CC[C@H](NC(=O)CC[C@H](N)C(=O)O)C(=O)NCC(=O)O>>Nc1ncnc2c1ncn2[C@@H]1O[C@H](COP(=O)([O-])OP(=O)([O-])OP(=O)([O-])[O-])[C@@H](O)[C@H]1O.[NH3+]CC(=O)[O-].CC[C@H](NC(=O)CC[C@H](N)C(=O)O)C(=O)O
185,NaN,D4N891,NaN,Streptococcus thermophilus,15.0,MNXR114298,MNXR180492_0.5103251637201857_0.628346676194679,6.3.2.3,NaN,0.0,0.51033,0.628347,1,0.569336,-,-,-,-,-,-,-,Cc1ncc(COP(=O)([O-])OP(=O)([O-])[O-])c(N)n1.[H]O[H]>>Cc1ncc(COP(=O)([O-])[O-])c(N)n1.O=P([O-])([O-])O.[H+],O=P([O-])([O-])O.Nc1ncnc2c1ncn2[C@@H]1O[C@H](COP(=O)([O-])OP(=O)([O-])[O-])[C@@H](O)[C@H]1O.[H+].CC[C@H](NC(=O)CC[C@H](N)C(=O)O)C(=O)NCC(=O)O>>Nc1ncnc2c1ncn2[C@@H]1O[C@H](COP(=O)([O-])OP(=O)([O-])OP(=O)([O-])[O-])[C@@H](O)[C@H]1O.[NH3+]CC(=O)[O-].CC[C@H](NC(=O)CC[C@H](N)C(=O)O)C(=O)O
186,NaN,D7P1H2,NaN,Streptococcus thermophilus,15.0,MNXR114298,-,6.3.2.3,NaN,0.0,0.51033,0.628347,1,0.569336,-,-,-,-,-,-,-,Cc1ncc(COP(=O)([O-])OP(=O)([O-])[O-])c(N)n1.[H]O[H]>>Cc1ncc(COP(=O)([O-])[O-])c(N)n1.O=P([O-])([O-])O.[H+],O=P([O-])([O-])O.Nc1ncnc2c1ncn2[C@@H]1O[C@H](COP(=O)([O-])OP(=O)([O-])[O-])[C@@H](O)[C@H]1O.[H+].CC[C@H](NC(=O)CC[C@H](N)C(=O)O)C(=O)NCC(=O)O>>Nc1ncnc2c1ncn2[C@@H]1O[C@H](COP(=O)([O-])OP(=O)([O-])OP(=O)([O-])[O-])[C@@H](O)[C@H]1O.[NH3+]CC(=O)[O-].CC[C@H](NC(=O)CC[C@H](N)C(=O)O)C(=O)O
187,NaN,Q7X9G0,NaN,Triticum aestivum,31.0,MNXR114298,-,6.3.2.3,NaN,0.0,0.51033,0.628347,1,0.569336,-,-,-,-,-,-,-,Cc1ncc(COP(=O)([O-])OP(=O)([O-])[O-])c(N)n1.[H]O[H]>>Cc1ncc(COP(=O)([O-])[O-])c(N)n1.O=P([O-])([O-])O.[H+],O=P([O-])([O-])O.Nc1ncnc2c1ncn2[C@@H]1O[C@H](COP(=O)([O-])OP(=O)([O-])[O-])[C@@H](O)[C@H]1O.[H+].CC[C@H](NC(=O)CC[C@H](N)C(=O)O)C(=O)NCC(=O)O>>Nc1ncnc2c1ncn2[C@@H]1O[C@H](COP(=O)([O-])OP(=O)([O-])OP(=O)([O-])[O-])[C@@H](O)[C@H]1O.[NH3+]CC(=O)[O-].CC[C@H](NC(=O)CC[C@H](N)C(=O)O)C(=O)O
188,NaN,Q7XB40,NaN,Zea mays,31.0,MNXR114298,-,6.3.2.3,NaN,0.0,0.51033,0.628347,1,0.569336,-,-,-,-,-,-,-,Cc1ncc(COP(=O)([O-])OP(=O)([O-])[O-])c(N)n1.[H]O[H]>>Cc1ncc(COP(=O)([O-])[O-])c(N)n1.O=P([O-])([O-])O.[H+],O=P([O-])([O-])O.Nc1ncnc2c1ncn2[C@@H]1O[C@H](COP(=O)([O-])OP(=O)([O-])[O-])[C@@H](O)[C@H]1O.[H+].CC[C@H](NC(=O)CC[C@H](N)C(=O)O)C(=O)NCC(=O)O>>Nc1ncnc2c1ncn2[C@@H]1O[C@H](COP(=O)([O-])OP(=O)([O-])OP(=O)([O-])[O-])[C@@H](O)[C@H]1O.[NH3+]CC(=O)[O-].CC[C@H](NC(=O)CC[C@H](N)C(=O)O)C(=O)O
189,NaN,Q7X9G1,NaN,Triticum aestivum,31.0,MNXR114298,-,6.3.2.3,NaN,0.0,0.51033,0.628347,1,0.569336,-,-,-,-,-,-,-,Cc1ncc(COP(=O)([O-])OP(=O)([O-])[O-])c(N)n1.[H]O[H]>>Cc1ncc(COP(=O)([O-])[O-])c(N)n1.O=P([O-])([O-])O.[H+],O=P([O-])([O-])O.Nc1ncnc2c1ncn2[C@@H]1O[C@H](COP(=O)([O-])OP(=O)([O-])[O-])[C@@H](O)[C@H]1O.[H+].CC[C@H](NC(=O)CC[C@H](N)C(=O)O)C(=O)NCC(=O)O>>Nc1ncnc2c1ncn2[C@@H]1O[C@H](COP(=O)([O-])OP(=O)([O-])OP(=O)([O-])[O-])[C@@H](O)[C@H]1O.[NH3+]CC(=O)[O-].CC[C@H](NC(=O)CC[C@H](N)C(=O)O)C(=O)O
190,NaN,Q8W4W2,NaN,Zea mays,31.0,MNXR114298,-,6.3.2.3,NaN,0.0,0.51033,0.628347,1,0.569336,-,-,-,-,-,-,-,Cc1ncc(COP(=O)([O-])OP(=O)([O-])[O-])c(N)n1.[H]O[H]>>Cc1ncc(COP(=O)([O-])[O-])c(N)n1.O=P([O-])([O-])O.[H+],O=P([O-])([O-])O.Nc1ncnc2c1ncn2[C@@H]1O[C@H](COP(=O)([O-])OP(=O)([O-])[O-])[C@@H](O)[C@H]1O.[H+].CC[C@H](NC(=O)CC[C@H](N)C(=O)O)C(=O)NCC(=O)O>>Nc1ncnc2c1ncn2[C@@H]1O[C@H](COP(=O)([O-])OP(=O)([O-])OP(=O)([O-])[O-])[C@@H](O)[C@H]1O.[NH3+]CC(=O)[O-].CC[C@H](NC(=O)CC[C@H](N)C(=O)O)C(=O)O
191,NaN,Q9FV26,NaN,Phaseolus vulgaris,33.0,MNXR114298,-,6.3.2.3,NaN,0.0,0.51033,0.628347,1,0.569336,-,-,-,-,-,-,-,Cc1ncc(COP(=O)([O-])OP(=O)([O-])[O-])c(N)n1.[H]O[H]>>Cc1ncc(COP(=O)([O-])[O-])c(N)n1.O=P([O-])([O-])O.[H+],O=P([O-])([O-])O.Nc1ncnc2c1ncn2[C@@H]1O[C@H](COP(=O)([O-])OP(=O)([O-])[O-])[C@@H](O)[C@H]1O.[H+].CC[C@H](NC(=O)CC[C@H](N)C(=O)O)C(=O)NCC(=O)O>>Nc1ncnc2c1ncn2[C@@H]1O[C@H](COP(=O)([O-])OP(=O)([O-])OP(=O)([O-])[O-])[C@@H](O)[C@H]1O.[NH3+]CC(=O)[O-].CC[C@H](NC(=O)CC[C@H](N)C(=O)O)C(=O)O
192,NaN,Q9FVA2,NaN,Pisum sativum,34.0,MNXR114298,-,6.3.2.3,NaN,0.0,0.51033,0.628347,1,0.569336,-,-,-,-,-,-,-,Cc1ncc(COP(=O)([O-])OP(=O)([O-])[O-])c(N)n1.[H]O[H]>>Cc1ncc(COP(=O)([O-])[O-])c(N)n1.O=P([O-])([O-])O.[H+],O=P([O-])([O-])O.Nc1ncnc2c1ncn2[C@@H]1O[C@H](COP(=O)([O-])OP(=O)([O-])[O-])[C@@H](O)[C@H]1O.[H+].CC[C@H](NC(=O)CC[C@H](N)C(=O)O)C(=O)NCC(=O)O>>Nc1ncnc2c1ncn2[C@@H]1O[C@H](COP(=O)([O-])OP(=O)([O-])OP(=O)([O-])[O-])[C@@H](O)[C@H]1O.[NH3+]CC(=O)[O-].CC[C@H](NC(=O)CC[C@H](N)C(=O)O)C(=O)O
193,NaN,Q94GA0,NaN,Medicago truncatula,34.0,MNXR114298,-,6.3.2.3,NaN,0.0,0.51033,0.628347,1,0.569336,-,-,-,-,-,-,-,Cc1ncc(COP(=O)([O-])OP(=O)([O-])[O-])c(N)n1.[H]O[H]>>Cc1ncc(COP(=O)([O-])[O-])c(N)n1.O=P([O-])([O-])O.[H+],O=P([O-])([O-])O.Nc1ncnc2c1ncn2[C@@H]1O[C@H](COP(=O)([O-])OP(=O)([O-])[O-])[C@@H](O)[C@H]1O.[H+].CC[C@H](NC(=O)CC[C@H](N)C(=O)O)C(=O)NCC(=O)O>>Nc1ncnc2c1ncn2[C@@H]1O[C@H](COP(=O)([O-])OP(=O)([O-])OP(=O)([O-])[O-])[C@@H](O)[C@H]1O.[NH3+]CC(=O)[O-].CC[C@H](NC(=O)CC[C@H](N)C(=O)O)C(=O)O
194,NaN,Q9M426,NaN,Glycine max,34.0,MNXR114298,-,6.3.2.3,NaN,0.0,0.51033,0.628347,1,0.569336,-,-,-,-,-,-,-,Cc1ncc(COP(=O)([O-])OP(=O)([O-])[O-])c(N)n1.[H]O[H]>>Cc1ncc(COP(=O)([O-])[O-])c(N)n1.O=P([O-])([O-])O.[H+],O=P([O-])([O-])O.Nc1ncnc2c1ncn2[C@@H]1O[C@H](COP(=O)([O-])OP(=O)([O-])[O-])[C@@H](O)[C@H]1O.[H+].CC[C@H](NC(=O)CC[C@H](N)C(=O)O)C(=O)NCC(=O)O>>Nc1ncnc2c1ncn2[C@@H]1O[C@H](COP(=O)([O-])OP(=O)([O-])OP(=O)([O-])[O-])[C@@H](O)[C@H]1O.[NH3+]CC(=O)[O-].CC[C@H](NC(=O)CC[C@H](N)C(=O)O)C(=O)O
195,NaN,Q9FV27,NaN,Pisum sativum,34.0,MNXR114298,-,6.3.2.3,NaN,0.0,0.51033,0.628347,1,0.569336,-,-,-,-,-,-,-,Cc1ncc(COP(=O)([O-])OP(=O)([O-])[O-])c(N)n1.[H]O[H]>>Cc1ncc(COP(=O)([O-])[O-])c(N)n1.O=P([O-])([O-])O.[H+],O=P([O-])([O-])O.Nc1ncnc2c1ncn2[C@@H]1O[C@H](COP(=O)([O-])OP(=O)([O-])[O-])[C@@H](O)[C@H]1O.[H+].CC[C@H](NC(=O)CC[C@H](N)C(=O)O)C(=O)NCC(=O)O>>Nc1ncnc2c1ncn2[C@@H]1O[C@H](COP(=O)([O-])OP(=O)([O-])OP(=O)([O-])[O-])[C@@H](O)[C@H]1O.[NH3+]CC(=O)[O-].CC[C@H](NC(=O)CC[C@H](N)C(=O)O)C(=O)O
196,NaN,G3HIY9,NaN,Cricetulus griseus,38.0,MNXR180492,-,6.3.2.2;6.3.2.3,NaN,0.0,0.51033,0.628347,-1,0.569336,-,-,-,-,-,-,-,Cc1ncc(COP(=O)([O-])OP(=O)([O-])[O-])c(N)n1.[H]O[H]>>Cc1ncc(COP(=O)([O-])[O-])c(N)n1.O=P([O-])([O-])O.[H+],[NH3+][C@@H](CCC(=O)[O-])C(=O)[O-].Nc1ncnc2c1ncn2[C@@H]1O[C@H](COP(=O)([O-])OP(=O)([O-])OP(=O)([O-])[O-])[C@@H](O)[C@H]1O.[NH3+]CC(=O)[O-].NC(CS)C(=O)O>>[NH3+][C@@H](CCC(=O)N[C@@H](CS)C(=O)NCC(=O)[O-])C(=O)[O-].O=P([O-])([O-])O.Nc1ncnc2c1ncn2[C@@H]1O[C@H](COP(=O)([O-])OP(=O)([O-])[O-])[C@@H](O)[C@H]1O.[H+]
197,NaN,Q26820,NaN,NaN,inf,MNXR180492,-,6.3.2.2;6.3.2.3,NaN,0.0,0.51033,0.628347,-1,0.569336,-,-,-,-,-,-,-,Cc1ncc(COP(=O)([O-])OP(=O)([O-])[O-])c(N)n1.[H]O[H]>>Cc1ncc(COP(=O)([O-])[O-])c(N)n1.O=P([O-])([O-])O.[H+],[NH3+][C@@H](CCC(=O)[O-])C(=O)[O-].Nc1ncnc2c1ncn2[C@@H]1O[C@H](COP(=O)([O-])OP(=O)([O-])OP(=O)([O-])[O-])[C@@H](O)[C@H]1O.[NH3+]CC(=O)[O-].NC(CS)C(=O)O>>[NH3+][C@@H](CCC(=O)N[C@@H](CS)C(=O)NCC(=O)[O-])C(=O)[O-].O=P([O-])([O-])O.Nc1ncnc2c1ncn2[C@@H]1O[C@H](COP(=O)([O-])OP(=O)([O-])[O-])[C@@H](O)[C@H]1O.[H+]
198,NaN,A0A067XH95,NaN,NaN,inf,MNXR114298,MNXR180492_0.5103251637201857_0.628346676194679,6.3.2.3,NaN,0.0,0.51033,0.628347,1,0.569336,-,-,-,-,-,-,-,Cc1ncc(COP(=O)([O-])OP(=O)([O-])[O-])c(N)n1.[H]O[H]>>Cc1ncc(COP(=O)([O-])[O-])c(N)n1.O=P([O-])([O-])O.[H+],O=P([O-])([O-])O.Nc1ncnc2c1ncn2[C@@H]1O[C@H](COP(=O)([O-])OP(=O)([O-])[O-])[C@@H](O)[C@H]1O.[H+].CC[C@H](NC(=O)CC[C@H](N)C(=O)O)C(=O)NCC(=O)O>>Nc1ncnc2c1ncn2[C@@H]1O[C@H](COP(=O)([O-])OP(=O)([O-])OP(=O)([O-])[O-])[C@@H](O)[C@H]1O.[NH3+]CC(=O)[O-].CC[C@H](NC(=O)CC[C@H](N)C(=O)O)C(=O)O
199,NaN,A0A0U3DG08,NaN,NaN,inf,MNXR114298,-,6.3.2.3,NaN,0.0,0.51033,0.628347,1,0.569336,-,-,-,-,-,-,-,Cc1ncc(COP(=O)([O-])OP(=O)([O-])[O-])c(N)n1.[H]O[H]>>Cc1ncc(COP(=O)([O-])[O-])c(N)n1.O=P([O-])([O-])O.[H+],O=P([O-])([O-])O.Nc1ncnc2c1ncn2[C@@H]1O[C@H](COP(=O)([O-])OP(=O)([O-])[O-])[C@@H](O)[C@H]1O.[H+].CC[C@H](NC(=O)CC[C@H](N)C(=O)O)C(=O)NCC(=O)O>>Nc1ncnc2c1ncn2[C@@H]1O[C@H](COP(=O)([O-])OP(=O)([O-])OP(=O)([O-])[O-])[C@@H](O)[C@H]1O.[NH3+]CC(=O)[O-].CC[C@H](NC(=O)CC[C@H](N)C(=O)O)C(=O)O
200,NaN,A6VQP8,NaN,NaN,inf,MNXR114298,-,6.3.2.3,NaN,0.0,0.51033,0.628347,1,0.569336,-,-,-,-,-,-,-,Cc1ncc(COP(=O)([O-])OP(=O)([O-])[O-])c(N)n1.[H]O[H]>>Cc1ncc(COP(=O)([O-])[O-])c(N)n1.O=P([O-])([O-])O.[H+],O=P([O-])([O-])O.Nc1ncnc2c1ncn2[C@@H]1O[C@H](COP(=O)([O-])OP(=O)([O-])[O-])[C@@H](O)[C@H]1O.[H+].CC[C@H](NC(=O)CC[C@H](N)C(=O)O)C(=O)NCC(=O)O>>Nc1ncnc2c1ncn2[C@@H]1O[C@H](COP(=O)([O-])OP(=O)([O-])OP(=O)([O-])[O-])[C@@H](O)[C@H]1O.[NH3+]CC(=O)[O-].CC[C@H](NC(=O)CC[C@H](N)C(=O)O)C(=O)O
