acc = 0.9115200849407185
eval_loss = 0.4716488971460774
f1 = 0.9086987672706972
mcc = 0.9024915497258136
prec = 0.9104986623239969
rec = 0.9115200849407185
