acc = 0.8010446343779677
eval_loss = 0.8670611907003458
f1 = 0.7821190744664147
mcc = 0.7952795717329394
prec = 0.7828643190625649
rec = 0.8010446343779677
